0.00000000e+00 -5.10378882e+01 -7.07312348e-06 4.00670419e-05
9.77517107e-04 -5.10352251e+01 7.08983443e-06 3.37219054e-05
1.95503421e-03 -5.10378953e+01 -7.11784100e-06 4.00810471e-05
2.93255132e-03 -5.10352180e+01 7.13476949e-06 3.37078533e-05
3.91006843e-03 -5.10379024e+01 -7.16311893e-06 4.00951387e-05
4.88758553e-03 -5.10352108e+01 7.18026841e-06 3.36937142e-05
5.86510264e-03 -5.10379096e+01 -7.20896621e-06 4.01093177e-05
6.84261975e-03 -5.10352036e+01 7.22634012e-06 3.36794871e-05
7.82013685e-03 -5.10379168e+01 -7.25539168e-06 4.01235852e-05
8.79765396e-03 -5.10351963e+01 7.27299381e-06 3.36651708e-05
9.77517107e-03 -5.10379241e+01 -7.30240471e-06 4.01379424e-05
1.07526882e-02 -5.10351890e+01 7.32023873e-06 3.36507643e-05
1.17302053e-02 -5.10379314e+01 -7.35001466e-06 4.01523904e-05
1.27077224e-02 -5.10351817e+01 7.36808432e-06 3.36362665e-05
1.36852395e-02 -5.10379388e+01 -7.39823128e-06 4.01669303e-05
1.46627566e-02 -5.10351743e+01 7.41654028e-06 3.36216761e-05
1.56402737e-02 -5.10379462e+01 -7.44706414e-06 4.01815632e-05
1.66177908e-02 -5.10351668e+01 7.46561660e-06 3.36069920e-05
1.75953079e-02 -5.10379537e+01 -7.49652338e-06 4.01962903e-05
1.85728250e-02 -5.10351593e+01 7.51532334e-06 3.35922131e-05
1.95503421e-02 -5.10379612e+01 -7.54661910e-06 4.02111128e-05
2.05278592e-02 -5.10351518e+01 7.56567068e-06 3.35773381e-05
2.15053763e-02 -5.10379688e+01 -7.59736199e-06 4.02260320e-05
2.24828935e-02 -5.10351442e+01 7.61666919e-06 3.35623658e-05
2.34604106e-02 -5.10379764e+01 -7.64876238e-06 4.02410490e-05
2.44379277e-02 -5.10351365e+01 7.66832969e-06 3.35472950e-05
2.54154448e-02 -5.10379840e+01 -7.70083133e-06 4.02561652e-05
2.63929619e-02 -5.10351288e+01 7.72066303e-06 3.35321244e-05
2.73704790e-02 -5.10379918e+01 -7.75357992e-06 4.02713817e-05
2.83479961e-02 -5.10351210e+01 7.77368043e-06 3.35168527e-05
2.93255132e-02 -5.10379996e+01 -7.80701947e-06 4.02866999e-05
3.03030303e-02 -5.10351132e+01 7.82739331e-06 3.35014786e-05
3.12805474e-02 -5.10380074e+01 -7.86116145e-06 4.03021211e-05
3.22580645e-02 -5.10351054e+01 7.88181341e-06 3.34860008e-05
3.32355816e-02 -5.10380153e+01 -7.91601784e-06 4.03176467e-05
3.42130987e-02 -5.10350974e+01 7.93695257e-06 3.34704179e-05
3.51906158e-02 -5.10380232e+01 -7.97160057e-06 4.03332779e-05
3.61681329e-02 -5.10350895e+01 7.99282301e-06 3.34547287e-05
3.71456500e-02 -5.10380312e+01 -8.02792214e-06 4.03490162e-05
3.81231672e-02 -5.10350814e+01 8.04943717e-06 3.34389316e-05
3.91006843e-02 -5.10380393e+01 -8.08499492e-06 4.03648629e-05
4.00782014e-02 -5.10350733e+01 8.10680775e-06 3.34230252e-05
4.10557185e-02 -5.10380474e+01 -8.14283200e-06 4.03808196e-05
4.20332356e-02 -5.10350652e+01 8.16494774e-06 3.34070082e-05
4.30107527e-02 -5.10380555e+01 -8.20144643e-06 4.03968876e-05
4.39882698e-02 -5.10350570e+01 8.22387040e-06 3.33908791e-05
4.49657869e-02 -5.10380638e+01 -8.26085171e-06 4.04130684e-05
4.59433040e-02 -5.10350487e+01 8.28358929e-06 3.33746363e-05
4.69208211e-02 -5.10380721e+01 -8.32106151e-06 4.04293635e-05
4.78983382e-02 -5.10350404e+01 8.34411827e-06 3.33582784e-05
4.88758553e-02 -5.10380804e+01 -8.38208991e-06 4.04457745e-05
4.98533724e-02 -5.10350320e+01 8.40547155e-06 3.33418038e-05
5.08308895e-02 -5.10380888e+01 -8.44395123e-06 4.04623029e-05
5.18084066e-02 -5.10350236e+01 8.46766354e-06 3.33252109e-05
5.27859238e-02 -5.10380973e+01 -8.50666029e-06 4.04789503e-05
5.37634409e-02 -5.10350151e+01 8.53070905e-06 3.33084982e-05
5.47409580e-02 -5.10381058e+01 -8.57023187e-06 4.04957182e-05
5.57184751e-02 -5.10350065e+01 8.59462329e-06 3.32916640e-05
5.66959922e-02 -5.10381144e+01 -8.63468144e-06 4.05126084e-05
5.76735093e-02 -5.10349978e+01 8.65942170e-06 3.32747068e-05
5.86510264e-02 -5.10381231e+01 -8.70002464e-06 4.05296225e-05
5.96285435e-02 -5.10349891e+01 8.72512007e-06 3.32576247e-05
6.06060606e-02 -5.10381318e+01 -8.76627762e-06 4.05467621e-05
6.15835777e-02 -5.10349804e+01 8.79173460e-06 3.32404161e-05
6.25610948e-02 -5.10381406e+01 -8.83345659e-06 4.05640290e-05
6.35386119e-02 -5.10349715e+01 8.85928189e-06 3.32230793e-05
6.45161290e-02 -5.10381495e+01 -8.90157851e-06 4.05814250e-05
6.54936461e-02 -5.10349626e+01 8.92777886e-06 3.32056125e-05
6.64711632e-02 -5.10381584e+01 -8.97066043e-06 4.05989518e-05
6.74486804e-02 -5.10349537e+01 8.99724281e-06 3.31880139e-05
6.84261975e-02 -5.10381674e+01 -9.04072004e-06 4.06166113e-05
6.94037146e-02 -5.10349446e+01 9.06769147e-06 3.31702817e-05
7.03812317e-02 -5.10381765e+01 -9.11177512e-06 4.06344052e-05
7.13587488e-02 -5.10349355e+01 9.13914304e-06 3.31524139e-05
7.23362659e-02 -5.10381856e+01 -9.18384424e-06 4.06523356e-05
7.33137830e-02 -5.10349263e+01 9.21161601e-06 3.31344087e-05
7.42913001e-02 -5.10381948e+01 -9.25694612e-06 4.06704042e-05
7.52688172e-02 -5.10349170e+01 9.28512937e-06 3.31162642e-05
7.62463343e-02 -5.10382041e+01 -9.33110017e-06 4.06886131e-05
7.72238514e-02 -5.10349077e+01 9.35970258e-06 3.30979784e-05
7.82013685e-02 -5.10382135e+01 -9.40632590e-06 4.07069642e-05
7.91788856e-02 -5.10348983e+01 9.43535559e-06 3.30795493e-05
8.01564027e-02 -5.10382229e+01 -9.48264362e-06 4.07254595e-05
8.11339198e-02 -5.10348888e+01 9.51210880e-06 3.30609748e-05
8.21114370e-02 -5.10382324e+01 -9.56007390e-06 4.07441012e-05
8.30889541e-02 -5.10348792e+01 9.58998299e-06 3.30422529e-05
8.40664712e-02 -5.10382420e+01 -9.63863812e-06 4.07628912e-05
8.50439883e-02 -5.10348696e+01 9.66899955e-06 3.30233814e-05
8.60215054e-02 -5.10382517e+01 -9.71835766e-06 4.07818318e-05
8.69990225e-02 -5.10348599e+01 9.74918043e-06 3.30043582e-05
8.79765396e-02 -5.10382615e+01 -9.79925495e-06 4.08009252e-05
8.89540567e-02 -5.10348501e+01 9.83054792e-06 3.29851810e-05
8.99315738e-02 -5.10382713e+01 -9.88135263e-06 4.08201735e-05
9.09090909e-02 -5.10348402e+01 9.91312508e-06 3.29658478e-05
9.18866080e-02 -5.10382812e+01 -9.96467406e-06 4.08395790e-05
9.28641251e-02 -5.10348302e+01 9.99693538e-06 3.29463561e-05
9.38416422e-02 -5.10382912e+01 -1.00492430e-05 4.08591440e-05
9.48191593e-02 -5.10348202e+01 1.00820030e-05 3.29267036e-05
9.57966764e-02 -5.10383013e+01 -1.01350839e-05 4.08788708e-05
9.67741935e-02 -5.10348100e+01 1.01683525e-05 3.29068879e-05
9.77517107e-02 -5.10383115e+01 -1.02222220e-05 4.08987619e-05
9.87292278e-02 -5.10347998e+01 1.02560093e-05 3.28869068e-05
9.97067449e-02 -5.10383217e+01 -1.03106828e-05 4.09188197e-05
1.00684262e-01 -5.10347895e+01 1.03449993e-05 3.28667576e-05
1.01661779e-01 -5.10383321e+01 -1.04004926e-05 4.09390467e-05
1.02639296e-01 -5.10347791e+01 1.04353491e-05 3.28464378e-05
1.03616813e-01 -5.10383425e+01 -1.04916786e-05 4.09594454e-05
1.04594330e-01 -5.10347686e+01 1.05270860e-05 3.28259450e-05
1.05571848e-01 -5.10383531e+01 -1.05842682e-05 4.09800183e-05
1.06549365e-01 -5.10347580e+01 1.06202379e-05 3.28052764e-05
1.07526882e-01 -5.10383637e+01 -1.06782900e-05 4.10007683e-05
1.08504399e-01 -5.10347473e+01 1.07148334e-05 3.27844295e-05
1.09481916e-01 -5.10383744e+01 -1.07737729e-05 4.10216978e-05
1.10459433e-01 -5.10347365e+01 1.08109020e-05 3.27634015e-05
1.11436950e-01 -5.10383852e+01 -1.08707470e-05 4.10428097e-05
1.12414467e-01 -5.10347257e+01 1.09084739e-05 3.27421896e-05
1.13391984e-01 -5.10383961e+01 -1.09692427e-05 4.10641067e-05
1.14369501e-01 -5.10347147e+01 1.10075799e-05 3.27207910e-05
1.15347019e-01 -5.10384072e+01 -1.10692915e-05 4.10855918e-05
1.16324536e-01 -5.10347036e+01 1.11082518e-05 3.26992029e-05
1.17302053e-01 -5.10384183e+01 -1.11709255e-05 4.11072678e-05
1.18279570e-01 -5.10346924e+01 1.12105222e-05 3.26774222e-05
1.19257087e-01 -5.10384295e+01 -1.12741780e-05 4.11291377e-05
1.20234604e-01 -5.10346811e+01 1.13144243e-05 3.26554461e-05
1.21212121e-01 -5.10384408e+01 -1.13790828e-05 4.11512045e-05
1.22189638e-01 -5.10346698e+01 1.14199928e-05 3.26332713e-05
1.23167155e-01 -5.10384522e+01 -1.14856748e-05 4.11734713e-05
1.24144673e-01 -5.10346583e+01 1.15272626e-05 3.26108949e-05
1.25122190e-01 -5.10384638e+01 -1.15939896e-05 4.11959413e-05
1.26099707e-01 -5.10346467e+01 1.16362699e-05 3.25883135e-05
1.27077224e-01 -5.10384754e+01 -1.17040641e-05 4.12186177e-05
1.28054741e-01 -5.10346350e+01 1.17470520e-05 3.25655240e-05
1.29032258e-01 -5.10384872e+01 -1.18159360e-05 4.12415037e-05
1.30009775e-01 -5.10346231e+01 1.18596468e-05 3.25425230e-05
1.30987292e-01 -5.10384990e+01 -1.19296440e-05 4.12646029e-05
1.31964809e-01 -5.10346112e+01 1.19740936e-05 3.25193071e-05
1.32942326e-01 -5.10385110e+01 -1.20452278e-05 4.12879185e-05
1.33919844e-01 -5.10345992e+01 1.20904326e-05 3.24958728e-05
1.34897361e-01 -5.10385231e+01 -1.21627285e-05 4.13114540e-05
1.35874878e-01 -5.10345870e+01 1.22087050e-05 3.24722167e-05
1.36852395e-01 -5.10385353e+01 -1.22821878e-05 4.13352132e-05
1.37829912e-01 -5.10345747e+01 1.23289534e-05 3.24483350e-05
1.38807429e-01 -5.10385476e+01 -1.24036492e-05 4.13591995e-05
1.39784946e-01 -5.10345623e+01 1.24512214e-05 3.24242241e-05
1.40762463e-01 -5.10385601e+01 -1.25271567e-05 4.13834168e-05
1.41739980e-01 -5.10345498e+01 1.25755539e-05 3.23998803e-05
1.42717498e-01 -5.10385727e+01 -1.26527561e-05 4.14078689e-05
1.43695015e-01 -5.10345371e+01 1.27019970e-05 3.23752995e-05
1.44672532e-01 -5.10385854e+01 -1.27804943e-05 4.14325596e-05
1.45650049e-01 -5.10345243e+01 1.28305981e-05 3.23504780e-05
1.46627566e-01 -5.10385982e+01 -1.29104194e-05 4.14574929e-05
1.47605083e-01 -5.10345114e+01 1.29614059e-05 3.23254117e-05
1.48582600e-01 -5.10386112e+01 -1.30425810e-05 4.14826730e-05
1.49560117e-01 -5.10344983e+01 1.30944706e-05 3.23000965e-05
1.50537634e-01 -5.10386243e+01 -1.31770302e-05 4.15081039e-05
1.51515152e-01 -5.10344852e+01 1.32298438e-05 3.22745280e-05
1.52492669e-01 -5.10386375e+01 -1.33138193e-05 4.15337900e-05
1.53470186e-01 -5.10344718e+01 1.33675785e-05 3.22487022e-05
1.54447703e-01 -5.10386509e+01 -1.34530024e-05 4.15597355e-05
1.55425220e-01 -5.10344584e+01 1.35077293e-05 3.22226144e-05
1.56402737e-01 -5.10386644e+01 -1.35946349e-05 4.15859450e-05
1.57380254e-01 -5.10344448e+01 1.36503525e-05 3.21962603e-05
1.58357771e-01 -5.10386781e+01 -1.37387741e-05 4.16124229e-05
1.59335288e-01 -5.10344310e+01 1.37955058e-05 3.21696353e-05
1.60312805e-01 -5.10386919e+01 -1.38854787e-05 4.16391740e-05
1.61290323e-01 -5.10344171e+01 1.39432489e-05 3.21427346e-05
1.62267840e-01 -5.10387058e+01 -1.40348095e-05 4.16662030e-05
1.63245357e-01 -5.10344031e+01 1.40936430e-05 3.21155533e-05
1.64222874e-01 -5.10387199e+01 -1.41868287e-05 4.16935147e-05
1.65200391e-01 -5.10343889e+01 1.42467513e-05 3.20880867e-05
1.66177908e-01 -5.10387342e+01 -1.43416007e-05 4.17211141e-05
1.67155425e-01 -5.10343746e+01 1.44026388e-05 3.20603296e-05
1.68132942e-01 -5.10387486e+01 -1.44991915e-05 4.17490064e-05
1.69110459e-01 -5.10343600e+01 1.45613726e-05 3.20322768e-05
1.70087977e-01 -5.10387632e+01 -1.46596695e-05 4.17771968e-05
1.71065494e-01 -5.10343454e+01 1.47230216e-05 3.20039231e-05
1.72043011e-01 -5.10387779e+01 -1.48231049e-05 4.18056905e-05
1.73020528e-01 -5.10343306e+01 1.48876571e-05 3.19752631e-05
1.73998045e-01 -5.10387928e+01 -1.49895702e-05 4.18344932e-05
1.74975562e-01 -5.10343156e+01 1.50553524e-05 3.19462912e-05
1.75953079e-01 -5.10388079e+01 -1.51591398e-05 4.18636103e-05
1.76930596e-01 -5.10343004e+01 1.52261829e-05 3.19170018e-05
1.77908113e-01 -5.10388231e+01 -1.53318912e-05 4.18930476e-05
1.78885630e-01 -5.10342850e+01 1.54002269e-05 3.18873890e-05
1.79863148e-01 -5.10388385e+01 -1.55079032e-05 4.19228110e-05
1.80840665e-01 -5.10342695e+01 1.55775646e-05 3.18574469e-05
1.81818182e-01 -5.10388541e+01 -1.56872582e-05 4.19529066e-05
1.82795699e-01 -5.10342538e+01 1.57582789e-05 3.18271694e-05
1.83773216e-01 -5.10388698e+01 -1.58700404e-05 4.19833403e-05
1.84750733e-01 -5.10342380e+01 1.59424555e-05 3.17965503e-05
1.85728250e-01 -5.10388858e+01 -1.60563370e-05 4.20141187e-05
1.86705767e-01 -5.10342219e+01 1.61301826e-05 3.17655831e-05
1.87683284e-01 -5.10389019e+01 -1.62462381e-05 4.20452482e-05
1.88660802e-01 -5.10342056e+01 1.63215515e-05 3.17342612e-05
1.89638319e-01 -5.10389183e+01 -1.64398364e-05 4.20767354e-05
1.90615836e-01 -5.10341892e+01 1.65166561e-05 3.17025781e-05
1.91593353e-01 -5.10389348e+01 -1.66372278e-05 4.21085870e-05
1.92570870e-01 -5.10341725e+01 1.67155937e-05 3.16705267e-05
1.93548387e-01 -5.10389515e+01 -1.68385115e-05 4.21408102e-05
1.94525904e-01 -5.10341557e+01 1.69184645e-05 3.16380999e-05
1.95503421e-01 -5.10389684e+01 -1.70437895e-05 4.21734120e-05
1.96480938e-01 -5.10341386e+01 1.71253722e-05 3.16052906e-05
1.97458456e-01 -5.10389856e+01 -1.72531676e-05 4.22063998e-05
1.98435973e-01 -5.10341214e+01 1.73364239e-05 3.15720913e-05
1.99413490e-01 -5.10390029e+01 -1.74667549e-05 4.22397811e-05
2.00391007e-01 -5.10341039e+01 1.75517302e-05 3.15384944e-05
2.01368524e-01 -5.10390205e+01 -1.76846645e-05 4.22735637e-05
2.02346041e-01 -5.10340862e+01 1.77714056e-05 3.15044920e-05
2.03323558e-01 -5.10390383e+01 -1.79070126e-05 4.23077554e-05
2.04301075e-01 -5.10340683e+01 1.79955682e-05 3.14700760e-05
2.05278592e-01 -5.10390563e+01 -1.81339201e-05 4.23423644e-05
2.06256109e-01 -5.10340502e+01 1.82243404e-05 3.14352383e-05
2.07233627e-01 -5.10390745e+01 -1.83655116e-05 4.23773990e-05
2.08211144e-01 -5.10340318e+01 1.84578486e-05 3.13999704e-05
2.09188661e-01 -5.10390930e+01 -1.86019164e-05 4.24128679e-05
2.10166178e-01 -5.10340132e+01 1.86962237e-05 3.13642636e-05
2.11143695e-01 -5.10391117e+01 -1.88432676e-05 4.24487798e-05
2.12121212e-01 -5.10339943e+01 1.89396011e-05 3.13281088e-05
2.13098729e-01 -5.10391306e+01 -1.90897037e-05 4.24851438e-05
2.14076246e-01 -5.10339752e+01 1.91881209e-05 3.12914971e-05
2.15053763e-01 -5.10391498e+01 -1.93413676e-05 4.25219692e-05
2.16031281e-01 -5.10339559e+01 1.94419283e-05 3.12544189e-05
2.17008798e-01 -5.10391693e+01 -1.95984075e-05 4.25592654e-05
2.17986315e-01 -5.10339363e+01 1.97011734e-05 3.12168645e-05
2.18963832e-01 -5.10391890e+01 -1.98609767e-05 4.25970424e-05
2.19941349e-01 -5.10339164e+01 1.99660120e-05 3.11788241e-05
2.20918866e-01 -5.10392090e+01 -2.01292341e-05 4.26353102e-05
2.21896383e-01 -5.10338963e+01 2.02366053e-05 3.11402873e-05
2.22873900e-01 -5.10392292e+01 -2.04033444e-05 4.26740791e-05
2.23851417e-01 -5.10338758e+01 2.05131204e-05 3.11012437e-05
2.24828935e-01 -5.10392497e+01 -2.06834782e-05 4.27133599e-05
2.25806452e-01 -5.10338551e+01 2.07957304e-05 3.10616824e-05
2.26783969e-01 -5.10392705e+01 -2.09698124e-05 4.27531634e-05
2.27761486e-01 -5.10338342e+01 2.10846151e-05 3.10215923e-05
2.28739003e-01 -5.10392916e+01 -2.12625307e-05 4.27935009e-05
2.29716520e-01 -5.10338129e+01 2.13799605e-05 3.09809620e-05
2.30694037e-01 -5.10393130e+01 -2.15618231e-05 4.28343841e-05
2.31671554e-01 -5.10337913e+01 2.16819600e-05 3.09397796e-05
2.32649071e-01 -5.10393347e+01 -2.18678872e-05 4.28758249e-05
2.33626588e-01 -5.10337694e+01 2.19908141e-05 3.08980332e-05
2.34604106e-01 -5.10393567e+01 -2.21809280e-05 4.29178356e-05
2.35581623e-01 -5.10337473e+01 2.23067309e-05 3.08557101e-05
2.36559140e-01 -5.10393790e+01 -2.25011581e-05 4.29604287e-05
2.37536657e-01 -5.10337247e+01 2.26299264e-05 3.08127976e-05
2.38514174e-01 -5.10394017e+01 -2.28287984e-05 4.30036174e-05
2.39491691e-01 -5.10337019e+01 2.29606250e-05 3.07692824e-05
2.40469208e-01 -5.10394246e+01 -2.31640786e-05 4.30474150e-05
2.41446725e-01 -5.10336787e+01 2.32990599e-05 3.07251509e-05
2.42424242e-01 -5.10394480e+01 -2.35072368e-05 4.30918354e-05
2.43401760e-01 -5.10336552e+01 2.36454733e-05 3.06803890e-05
2.44379277e-01 -5.10394716e+01 -2.38585210e-05 4.31368927e-05
2.45356794e-01 -5.10336313e+01 2.40001170e-05 3.06349824e-05
2.46334311e-01 -5.10394956e+01 -2.42181887e-05 4.31826017e-05
2.47311828e-01 -5.10336071e+01 2.43632528e-05 3.05889160e-05
2.48289345e-01 -5.10395200e+01 -2.45865079e-05 4.32289775e-05
2.49266862e-01 -5.10335825e+01 2.47351529e-05 3.05421745e-05
2.50244379e-01 -5.10395447e+01 -2.49637570e-05 4.32760357e-05
2.51221896e-01 -5.10335575e+01 2.51161008e-05 3.04947421e-05
2.52199413e-01 -5.10395699e+01 -2.53502263e-05 4.33237923e-05
2.53176931e-01 -5.10335322e+01 2.55063912e-05 3.04466024e-05
2.54154448e-01 -5.10395954e+01 -2.57462174e-05 4.33722639e-05
2.55131965e-01 -5.10335064e+01 2.59063311e-05 3.03977386e-05
2.56109482e-01 -5.10396213e+01 -2.61520448e-05 4.34214677e-05
2.57086999e-01 -5.10334802e+01 2.63162401e-05 3.03481331e-05
2.58064516e-01 -5.10396476e+01 -2.65680358e-05 4.34714213e-05
2.59042033e-01 -5.10334537e+01 2.67364512e-05 3.02977682e-05
2.60019550e-01 -5.10396744e+01 -2.69945314e-05 4.35221430e-05
2.60997067e-01 -5.10334267e+01 2.71673115e-05 3.02466251e-05
2.61974585e-01 -5.10397016e+01 -2.74318872e-05 4.35736516e-05
2.62952102e-01 -5.10333992e+01 2.76091826e-05 3.01946848e-05
2.63929619e-01 -5.10397292e+01 -2.78804740e-05 4.36259665e-05
2.64907136e-01 -5.10333713e+01 2.80624418e-05 3.01419274e-05
2.65884653e-01 -5.10397573e+01 -2.83406782e-05 4.36791078e-05
2.66862170e-01 -5.10333430e+01 2.85274827e-05 3.00883325e-05
2.67839687e-01 -5.10397858e+01 -2.88129034e-05 4.37330964e-05
2.68817204e-01 -5.10333141e+01 2.90047159e-05 3.00338790e-05
2.69794721e-01 -5.10398148e+01 -2.92975704e-05 4.37879536e-05
2.70772239e-01 -5.10332848e+01 2.94945699e-05 2.99785451e-05
2.71749756e-01 -5.10398443e+01 -2.97951193e-05 4.38437017e-05
2.72727273e-01 -5.10332550e+01 2.99974926e-05 2.99223080e-05
2.73704790e-01 -5.10398743e+01 -3.03060089e-05 4.39003636e-05
2.74682307e-01 -5.10332247e+01 3.05139517e-05 2.98651444e-05
2.75659824e-01 -5.10399049e+01 -3.08307193e-05 4.39579632e-05
2.76637341e-01 -5.10331938e+01 3.10444359e-05 2.98070302e-05
2.77614858e-01 -5.10399359e+01 -3.13697521e-05 4.40165249e-05
2.78592375e-01 -5.10331625e+01 3.15894563e-05 2.97479402e-05
2.79569892e-01 -5.10399675e+01 -3.19236318e-05 4.40760742e-05
2.80547410e-01 -5.10331305e+01 3.21495475e-05 2.96878486e-05
2.81524927e-01 -5.10399997e+01 -3.24929072e-05 4.41366374e-05
2.82502444e-01 -5.10330980e+01 3.27252687e-05 2.96267285e-05
2.83479961e-01 -5.10400324e+01 -3.30781528e-05 4.41982420e-05
2.84457478e-01 -5.10330649e+01 3.33172056e-05 2.95645521e-05
2.85434995e-01 -5.10400658e+01 -3.36799698e-05 4.42609161e-05
2.86412512e-01 -5.10330312e+01 3.39259711e-05 2.95012906e-05
2.87390029e-01 -5.10400997e+01 -3.42989883e-05 4.43246890e-05
2.88367546e-01 -5.10329969e+01 3.45522078e-05 2.94369140e-05
2.89345064e-01 -5.10401343e+01 -3.49358683e-05 4.43895912e-05
2.90322581e-01 -5.10329620e+01 3.51965888e-05 2.93713914e-05
2.91300098e-01 -5.10401695e+01 -3.55913020e-05 4.44556542e-05
2.92277615e-01 -5.10329263e+01 3.58598204e-05 2.93046907e-05
2.93255132e-01 -5.10402054e+01 -3.62660153e-05 4.45229107e-05
2.94232649e-01 -5.10328901e+01 3.65426430e-05 2.92367784e-05
2.95210166e-01 -5.10402419e+01 -3.69607699e-05 4.45913946e-05
2.96187683e-01 -5.10328531e+01 3.72458341e-05 2.91676199e-05
2.97165200e-01 -5.10402792e+01 -3.76763656e-05 4.46611412e-05
2.98142717e-01 -5.10328154e+01 3.79702101e-05 2.90971793e-05
2.99120235e-01 -5.10403172e+01 -3.84136421e-05 4.47321871e-05
3.00097752e-01 -5.10327770e+01 3.87166285e-05 2.90254192e-05
3.01075269e-01 -5.10403559e+01 -3.91734822e-05 4.48045704e-05
3.02052786e-01 -5.10327378e+01 3.94859905e-05 2.89523008e-05
3.03030303e-01 -5.10403954e+01 -3.99568139e-05 4.48783305e-05
3.04007820e-01 -5.10326978e+01 4.02792442e-05 2.88777836e-05
3.04985337e-01 -5.10404357e+01 -4.07646132e-05 4.49535085e-05
3.05962854e-01 -5.10326570e+01 4.10973868e-05 2.88018258e-05
3.06940371e-01 -5.10404769e+01 -4.15979075e-05 4.50301472e-05
3.07917889e-01 -5.10326154e+01 4.19414681e-05 2.87243837e-05
3.08895406e-01 -5.10405188e+01 -4.24577784e-05 4.51082912e-05
3.09872923e-01 -5.10325729e+01 4.28125938e-05 2.86454118e-05
3.10850440e-01 -5.10405617e+01 -4.33453657e-05 4.51879866e-05
3.11827957e-01 -5.10325295e+01 4.37119291e-05 2.85648628e-05
3.12805474e-01 -5.10406054e+01 -4.42618707e-05 4.52692818e-05
3.13782991e-01 -5.10324853e+01 4.46407025e-05 2.84826873e-05
3.14760508e-01 -5.10406500e+01 -4.52085603e-05 4.53522270e-05
3.15738025e-01 -5.10324400e+01 4.56002100e-05 2.83988341e-05
3.16715543e-01 -5.10406957e+01 -4.61867717e-05 4.54368746e-05
3.17693060e-01 -5.10323938e+01 4.65918198e-05 2.83132496e-05
3.18670577e-01 -5.10407423e+01 -4.71979168e-05 4.55232791e-05
3.19648094e-01 -5.10323466e+01 4.76169770e-05 2.82258778e-05
3.20625611e-01 -5.10407899e+01 -4.82434872e-05 4.56114975e-05
3.21603128e-01 -5.10322983e+01 4.86772085e-05 2.81366605e-05
3.22580645e-01 -5.10408386e+01 -4.93250601e-05 4.57015894e-05
3.23558162e-01 -5.10322490e+01 4.97741294e-05 2.80455369e-05
3.24535679e-01 -5.10408884e+01 -5.04443037e-05 4.57936168e-05
3.25513196e-01 -5.10321985e+01 5.09094483e-05 2.79524435e-05
3.26490714e-01 -5.10409394e+01 -5.16029840e-05 4.58876446e-05
3.27468231e-01 -5.10321469e+01 5.20849746e-05 2.78573137e-05
3.28445748e-01 -5.10409915e+01 -5.28029711e-05 4.59837405e-05
3.29423265e-01 -5.10320941e+01 5.33026254e-05 2.77600782e-05
3.30400782e-01 -5.10410448e+01 -5.40462478e-05 4.60819754e-05
3.31378299e-01 -5.10320400e+01 5.45644331e-05 2.76606643e-05
3.32355816e-01 -5.10410994e+01 -5.53349167e-05 4.61824235e-05
3.33333333e-01 -5.10319846e+01 5.58725541e-05 2.75589962e-05
3.34310850e-01 -5.10411553e+01 -5.66712095e-05 4.62851625e-05
3.35288368e-01 -5.10319279e+01 5.72292778e-05 2.74549941e-05
3.36265885e-01 -5.10412125e+01 -5.80574965e-05 4.63902736e-05
3.37243402e-01 -5.10318698e+01 5.86370367e-05 2.73485748e-05
3.38220919e-01 -5.10412712e+01 -5.94962973e-05 4.64978420e-05
3.39198436e-01 -5.10318103e+01 6.00984170e-05 2.72396508e-05
3.40175953e-01 -5.10413313e+01 -6.09902916e-05 4.66079571e-05
3.41153470e-01 -5.10317493e+01 6.16161707e-05 2.71281306e-05
3.42130987e-01 -5.10413930e+01 -6.25423324e-05 4.67207125e-05
3.43108504e-01 -5.10316867e+01 6.31932284e-05 2.70139180e-05
3.44086022e-01 -5.10414562e+01 -6.41554587e-05 4.68362067e-05
3.45063539e-01 -5.10316225e+01 6.48327132e-05 2.68969119e-05
3.46041056e-01 -5.10415211e+01 -6.58329110e-05 4.69545429e-05
3.47018573e-01 -5.10315567e+01 6.65379562e-05 2.67770064e-05
3.47996090e-01 -5.10415876e+01 -6.75781468e-05 4.70758297e-05
3.48973607e-01 -5.10314891e+01 6.83125132e-05 2.66540900e-05
3.49951124e-01 -5.10416560e+01 -6.93948591e-05 4.72001812e-05
3.50928641e-01 -5.10314196e+01 7.01601834e-05 2.65280452e-05
3.51906158e-01 -5.10417262e+01 -7.12869948e-05 4.73277177e-05
3.52883675e-01 -5.10313483e+01 7.20850293e-05 2.63987487e-05
3.53861193e-01 -5.10417983e+01 -7.32587773e-05 4.74585656e-05
3.54838710e-01 -5.10312750e+01 7.40913990e-05 2.62660703e-05
3.55816227e-01 -5.10418724e+01 -7.53147282e-05 4.75928581e-05
3.56793744e-01 -5.10311997e+01 7.61839505e-05 2.61298730e-05
3.57771261e-01 -5.10419487e+01 -7.74596949e-05 4.77307359e-05
3.58748778e-01 -5.10311222e+01 7.83676789e-05 2.59900121e-05
3.59726295e-01 -5.10420271e+01 -7.96988774e-05 4.78723471e-05
3.60703812e-01 -5.10310424e+01 8.06479454e-05 2.58463350e-05
3.61681329e-01 -5.10421077e+01 -8.20378606e-05 4.80178485e-05
3.62658847e-01 -5.10309603e+01 8.30305106e-05 2.56986804e-05
3.63636364e-01 -5.10421908e+01 -8.44826483e-05 4.81674054e-05
3.64613881e-01 -5.10308758e+01 8.55215702e-05 2.55468779e-05
3.65591398e-01 -5.10422764e+01 -8.70397019e-05 4.83211929e-05
3.66568915e-01 -5.10307887e+01 8.81277951e-05 2.53907472e-05
3.67546432e-01 -5.10423646e+01 -8.97159821e-05 4.84793961e-05
3.68523949e-01 -5.10306990e+01 9.08563760e-05 2.52300971e-05
3.69501466e-01 -5.10424555e+01 -9.25189966e-05 4.86422113e-05
3.70478983e-01 -5.10306064e+01 9.37150719e-05 2.50647255e-05
3.71456500e-01 -5.10425492e+01 -9.54568520e-05 4.88098464e-05
3.72434018e-01 -5.10305109e+01 9.67122657e-05 2.48944177e-05
3.73411535e-01 -5.10426460e+01 -9.85383120e-05 4.89825220e-05
3.74389052e-01 -5.10304123e+01 9.98570246e-05 2.47189457e-05
3.75366569e-01 -5.10427459e+01 -1.01772862e-04 4.91604725e-05
3.76344086e-01 -5.10303105e+01 1.03159168e-04 2.45380676e-05
3.77321603e-01 -5.10428491e+01 -1.05170781e-04 4.93439471e-05
3.78299120e-01 -5.10302053e+01 1.06629345e-04 2.43515257e-05
3.79276637e-01 -5.10429558e+01 -1.08743226e-04 4.95332109e-05
3.80254154e-01 -5.10300965e+01 1.10279118e-04 2.41590462e-05
3.81231672e-01 -5.10430661e+01 -1.12502315e-04 4.97285460e-05
3.82209189e-01 -5.10299839e+01 1.14121056e-04 2.39603367e-05
3.83186706e-01 -5.10431803e+01 -1.16461239e-04 4.99302535e-05
3.84164223e-01 -5.10298674e+01 1.18168848e-04 2.37550859e-05
3.85141740e-01 -5.10432985e+01 -1.20634369e-04 5.01386547e-05
3.86119257e-01 -5.10297467e+01 1.22437418e-04 2.35429610e-05
3.87096774e-01 -5.10434210e+01 -1.25037386e-04 5.03540926e-05
3.88074291e-01 -5.10296216e+01 1.26943065e-04 2.33236062e-05
3.89051808e-01 -5.10435480e+01 -1.29687432e-04 5.05769343e-05
3.90029326e-01 -5.10294919e+01 1.31703614e-04 2.30966411e-05
3.91006843e-01 -5.10436798e+01 -1.34603270e-04 5.08075730e-05
3.91984360e-01 -5.10293572e+01 1.36738594e-04 2.28616576e-05
3.92961877e-01 -5.10438166e+01 -1.39805472e-04 5.10464299e-05
3.93939394e-01 -5.10292173e+01 1.42069434e-04 2.26182183e-05
3.94916911e-01 -5.10439587e+01 -1.45316635e-04 5.12939575e-05
3.95894428e-01 -5.10290719e+01 1.47719689e-04 2.23658532e-05
3.96871945e-01 -5.10441065e+01 -1.51161620e-04 5.15506419e-05
3.97849462e-01 -5.10289207e+01 1.53715298e-04 2.21040567e-05
3.98826979e-01 -5.10442603e+01 -1.57367834e-04 5.18170063e-05
3.99804497e-01 -5.10287633e+01 1.60084879e-04 2.18322844e-05
4.00782014e-01 -5.10444205e+01 -1.63965543e-04 5.20936147e-05
4.01759531e-01 -5.10285992e+01 1.66860066e-04 2.15499490e-05
4.02737048e-01 -5.10445874e+01 -1.70988238e-04 5.23810757e-05
4.03714565e-01 -5.10284281e+01 1.74075897e-04 2.12564164e-05
4.04692082e-01 -5.10447616e+01 -1.78473057e-04 5.26800471e-05
4.05669599e-01 -5.10282496e+01 1.81771264e-04 2.09510004e-05
4.06647116e-01 -5.10449434e+01 -1.86461270e-04 5.29912411e-05
4.07624633e-01 -5.10280630e+01 1.89989429e-04 2.06329576e-05
4.08602151e-01 -5.10451335e+01 -1.94998839e-04 5.33154299e-05
4.09579668e-01 -5.10278679e+01 1.98778626e-04 2.03014813e-05
4.10557185e-01 -5.10453324e+01 -2.04137070e-04 5.36534522e-05
4.11534702e-01 -5.10276637e+01 2.08192758e-04 1.99556944e-05
4.12512219e-01 -5.10455407e+01 -2.13933380e-04 5.40062204e-05
4.13489736e-01 -5.10274497e+01 2.18292218e-04 1.95946417e-05
4.14467253e-01 -5.10457591e+01 -2.24452180e-04 5.43747294e-05
4.15444770e-01 -5.10272251e+01 2.29144839e-04 1.92172810e-05
4.16422287e-01 -5.10459883e+01 -2.35765923e-04 5.47600653e-05
4.17399804e-01 -5.10269892e+01 2.40827022e-04 1.88224730e-05
4.18377322e-01 -5.10462293e+01 -2.47956335e-04 5.51634170e-05
4.19354839e-01 -5.10267411e+01 2.53425064e-04 1.84089693e-05
4.20332356e-01 -5.10464828e+01 -2.61115867e-04 5.55860879e-05
4.21309873e-01 -5.10264799e+01 2.67036725e-04 1.79753999e-05
4.22287390e-01 -5.10467500e+01 -2.75349428e-04 5.60295106e-05
4.23264907e-01 -5.10262044e+01 2.81773101e-04 1.75202568e-05
4.24242424e-01 -5.10470319e+01 -2.90776437e-04 5.64952631e-05
4.25219941e-01 -5.10259135e+01 2.97760857e-04 1.70418773e-05
4.26197458e-01 -5.10473298e+01 -3.07533297e-04 5.69850876e-05
4.27174976e-01 -5.10256058e+01 3.15144910e-04 1.65384228e-05
4.28152493e-01 -5.10476451e+01 -3.25776359e-04 5.75009128e-05
4.29130010e-01 -5.10252799e+01 3.34091659e-04 1.60078554e-05
4.30107527e-01 -5.10479794e+01 -3.45685510e-04 5.80448795e-05
4.31085044e-01 -5.10249340e+01 3.54792907e-04 1.54479097e-05
4.32062561e-01 -5.10483343e+01 -3.67468536e-04 5.86193703e-05
4.33040078e-01 -5.10245664e+01 3.77470635e-04 1.48560605e-05
4.34017595e-01 -5.10487120e+01 -3.91366450e-04 5.92270450e-05
4.34995112e-01 -5.10241748e+01 4.02382854e-04 1.42294839e-05
4.35972630e-01 -5.10491146e+01 -4.17660042e-04 5.98708825e-05
4.36950147e-01 -5.10237569e+01 4.29830820e-04 1.35650124e-05
4.37927664e-01 -5.10495446e+01 -4.46677981e-04 6.05542297e-05
4.38905181e-01 -5.10233100e+01 4.60167976e-04 1.28590800e-05
4.39882698e-01 -5.10500050e+01 -4.78806891e-04 6.12808605e-05
4.40860215e-01 -5.10228310e+01 4.93811130e-04 1.21076583e-05
4.41837732e-01 -5.10504991e+01 -5.14503991e-04 6.20550462e-05
4.42815249e-01 -5.10223163e+01 5.31254498e-04 1.13061783e-05
4.43792766e-01 -5.10510306e+01 -5.54313040e-04 6.28816404e-05
4.44770283e-01 -5.10217617e+01 5.73087512e-04 1.04494368e-05
4.45747801e-01 -5.10516039e+01 -5.98884627e-04 6.37661822e-05
4.46725318e-01 -5.10211625e+01 6.20017553e-04 9.53148162e-06
4.47702835e-01 -5.10522243e+01 -6.49002208e-04 6.47150212e-05
4.48680352e-01 -5.10205132e+01 6.72899253e-04 8.54547204e-06
4.49657869e-01 -5.10528975e+01 -7.05615800e-04 6.57354728e-05
4.50635386e-01 -5.10198072e+01 7.32772586e-04 7.48350597e-06
4.51612903e-01 -5.10536306e+01 -7.69886020e-04 6.68360086e-05
4.52590420e-01 -5.10190369e+01 8.00912904e-04 6.33640529e-06
4.53567937e-01 -5.10544319e+01 -8.43242239e-04 6.80264950e-05
4.54545455e-01 -5.10181933e+01 8.78897350e-04 5.09344677e-06
4.55522972e-01 -5.10553112e+01 -9.27460224e-04 6.93184938e-05
4.56500489e-01 -5.10172654e+01 9.68694047e-04 3.74202180e-06
4.57478006e-01 -5.10562804e+01 -1.02476706e-03 7.07256435e-05
4.58455523e-01 -5.10162401e+01 1.07278338e-03 2.26720173e-06
4.59433040e-01 -5.10573537e+01 -1.13798485e-03 7.22641485e-05
4.60410557e-01 -5.10151016e+01 1.19432519e-03 6.51176890e-07
4.61388074e-01 -5.10585486e+01 -1.27073018e-03 7.39534150e-05
4.62365591e-01 -5.10138302e+01 1.33739270e-03 -1.12747585e-06
4.63343109e-01 -5.10598867e+01 -1.42769569e-03 7.58168851e-05
4.64320626e-01 -5.10124018e+01 1.50730520e-03 -3.09476162e-06
4.65298143e-01 -5.10613947e+01 -1.61505394e-03 7.78831470e-05
4.66275660e-01 -5.10107860e+01 1.71110986e-03 -5.28256606e-06
4.67253177e-01 -5.10631067e+01 -1.84104822e-03 8.01874350e-05
4.68230694e-01 -5.10089440e+01 1.95829322e-03 -7.73042332e-06
4.69208211e-01 -5.10650659e+01 -2.11687472e-03 8.27736872e-05
4.70185728e-01 -5.10068261e+01 2.26185582e-03 -1.04879644e-05
4.71163245e-01 -5.10673289e+01 -2.45803129e-03 8.56974201e-05
4.72140762e-01 -5.10043669e+01 2.63997528e-03 -1.36183727e-05
4.73118280e-01 -5.10699701e+01 -2.88643388e-03 8.90298275e-05
4.74095797e-01 -5.10014791e+01 3.11865297e-03 -1.72033668e-05
4.75073314e-01 -5.10730903e+01 -3.43383746e-03 9.28637549e-05
4.76050831e-01 -5.09980435e+01 3.73606012e-03 -2.13505588e-05
4.77028348e-01 -5.10768282e+01 -4.14755400e-03 9.73226369e-05
4.78005865e-01 -5.09938940e+01 4.54993427e-03 -2.62046232e-05
4.78983382e-01 -5.10813804e+01 -5.10038280e-03 1.02574258e-04
4.79960899e-01 -5.09887911e+01 5.65069317e-03 -3.19647846e-05
4.80938416e-01 -5.10870338e+01 -6.40863248e-03 1.08852655e-04
4.81915934e-01 -5.09823793e+01 7.18580608e-03 -3.89131903e-05
4.82893451e-01 -5.10942231e+01 -8.26652592e-03 1.16494326e-04
4.83870968e-01 -5.09741088e+01 9.40759883e-03 -4.74628453e-05
4.84848485e-01 -5.11036353e+01 -1.10157922e-02 1.26000697e-04
4.85826002e-01 -5.09630876e+01 1.27728698e-02 -5.82423446e-05
4.86803519e-01 -5.11164144e+01 -1.52958241e-02 1.38151016e-04
4.87781036e-01 -5.09477843e+01 1.81625683e-02 -7.22528120e-05
4.88758553e-01 -5.11345859e+01 -2.23961945e-02 1.54215268e-04
4.89736070e-01 -5.09253772e+01 2.73186644e-02 -9.11683143e-05
4.90713587e-01 -5.11619179e+01 -3.55385172e-02 1.76357313e-04
4.91691105e-01 -5.08898213e+01 4.01806500e-02 -1.17874565e-04
4.92668622e-01 -5.12021182e+01 -8.60961604e-02 2.08201658e-04
4.93646139e-01 -5.08036831e+01 -1.31720588e-01 -1.56567079e-04
4.94623656e-01 -5.10703332e+01 -1.47609033e+00 2.51813521e-04
4.95601173e-01 -4.93268716e+01 -1.02028116e+01 -1.90615364e-04
4.96578690e-01 -4.08625373e+01 -5.38922091e+01 1.51299772e-04
4.97556207e-01 4.59166492e+00 -7.03953056e+01 4.77172126e-03
4.98533724e-01 2.95671578e+01 -2.51019964e+01 3.69730847e-02
4.99511241e-01 2.97059242e+01 2.67705061e+00 8.41692632e-02
5.00488759e-01 2.68887994e+01 7.47969314e+00 1.24430363e-01
5.01466276e-01 2.22225771e+01 7.59679583e+00 1.57569140e-01
5.02443793e-01 1.92882924e+01 7.07578349e+00 1.84292007e-01
5.03421310e-01 1.51433369e+01 1.01822862e+01 2.06714096e-01
5.04398827e-01 9.10103187e+00 3.81746358e+01 2.24999487e-01
5.05376344e-01 -2.30499480e+01 6.07046357e+01 2.29370300e-01
5.06353861e-01 -5.16332593e+01 4.22025184e+01 2.10256825e-01
5.07331378e-01 -6.52730831e+01 1.94791904e+01 1.71810554e-01
5.08308895e-01 -7.11219656e+01 7.34383995e+00 1.23797760e-01
5.09286413e-01 -7.26205107e+01 1.12034263e+00 8.47935938e-02
5.10263930e-01 -7.22428555e+01 -1.71370948e+00 5.70242096e-02
5.11241447e-01 -7.09059640e+01 -3.04891609e+00 3.95260774e-02
5.12218964e-01 -6.91924500e+01 -3.48710363e+00 2.77090098e-02
5.13196481e-01 -6.74171569e+01 -3.54879120e+00 2.04280161e-02
5.14173998e-01 -6.56419251e+01 -3.37072260e+00 1.50649592e-02
5.15151515e-01 -6.40447876e+01 -3.11640357e+00 1.17515778e-02
5.16129032e-01 -6.25239991e+01 -2.81552458e+00 8.99037158e-03
5.17106549e-01 -6.12278876e+01 -2.52158609e+00 7.32902016e-03
5.18084066e-01 -6.00011812e+01 -2.23831350e+00 5.73571034e-03
5.19061584e-01 -5.89884806e+01 -1.98077089e+00 4.84059235e-03
5.20039101e-01 -5.80194427e+01 -1.74780751e+00 3.83393179e-03
5.21016618e-01 -5.72398193e+01 -1.54026765e+00 3.33046559e-03
5.21994135e-01 -5.64784226e+01 -1.35758428e+00 2.64811738e-03
5.22971652e-01 -5.58815718e+01 -1.19531562e+00 2.36110014e-03
5.23949169e-01 -5.52825230e+01 -1.05448150e+00 1.87243700e-03
5.24926686e-01 -5.48265752e+01 -9.28810863e-01 1.71245001e-03
5.25904203e-01 -5.43532584e+01 -8.20706327e-01 1.34677547e-03
5.26881720e-01 -5.40054679e+01 -7.23439635e-01 1.26476192e-03
5.27859238e-01 -5.36294653e+01 -6.40366352e-01 9.81082088e-04
5.28836755e-01 -5.33647887e+01 -5.64848001e-01 9.48497293e-04
5.29814272e-01 -5.30643414e+01 -5.00811413e-01 7.21656646e-04
5.30791789e-01 -5.28637327e+01 -4.41918884e-01 7.21084100e-04
5.31769306e-01 -5.26222066e+01 -3.92387622e-01 5.34913565e-04
5.32746823e-01 -5.24711533e+01 -3.46251944e-01 5.55315881e-04
5.33724340e-01 -5.22757855e+01 -3.07828955e-01 3.99020163e-04
5.34701857e-01 -5.21631740e+01 -2.71537459e-01 4.33190176e-04
5.35679374e-01 -5.20041154e+01 -2.41671564e-01 2.99333376e-04
5.36656891e-01 -5.19213844e+01 -2.13022502e-01 3.42454868e-04
5.37634409e-01 -5.17909889e+01 -1.89785429e-01 2.25781474e-04
5.38611926e-01 -5.17315062e+01 -1.67102226e-01 2.74579950e-04
5.39589443e-01 -5.16238050e+01 -1.49024545e-01 1.71295104e-04
5.40566960e-01 -5.15824089e+01 -1.31019942e-01 2.23517276e-04
5.41544477e-01 -5.14927211e+01 -1.16972559e-01 1.30831040e-04
5.42521994e-01 -5.14653792e+01 -1.02650349e-01 1.84915087e-04
5.43499511e-01 -5.13900206e+01 -9.17591547e-02 1.00744560e-04
5.44477028e-01 -5.13735752e+01 -8.03430295e-02 1.55605218e-04
5.45454545e-01 -5.13096383e+01 -7.19270785e-02 7.83744152e-05
5.46432063e-01 -5.13016130e+01 -6.28086819e-02 1.33259441e-04
5.47409580e-01 -5.12467989e+01 -5.63349323e-02 6.17616259e-05
5.48387097e-01 -5.12452505e+01 -4.90354794e-02 1.16153938e-04
5.49364614e-01 -5.11977395e+01 -4.40852166e-02 4.94549812e-05
5.50342131e-01 -5.12011438e+01 -3.82267490e-02 1.03004770e-04
5.51319648e-01 -5.11594941e+01 -3.44703287e-02 4.03741214e-05
5.52297165e-01 -5.11666566e+01 -2.97538914e-02 9.28510820e-05
5.53274682e-01 -5.11297256e+01 -2.69314873e-02 3.37117384e-05
5.54252199e-01 -5.11397120e+01 -2.31203536e-02 8.49710711e-05
5.55229717e-01 -5.11065940e+01 -2.10271094e-02 2.88628619e-05
5.56207234e-01 -5.11186746e+01 -1.79337474e-02 7.88208622e-05
5.57184751e-01 -5.10886515e+01 -1.64082125e-02 2.53732180e-05
5.58162268e-01 -5.11022584e+01 -1.38840722e-02 7.39896329e-05
5.59139785e-01 -5.10747606e+01 -1.27991280e-02 2.29012096e-05
5.60117302e-01 -5.10894530e+01 -1.07265867e-02 7.01664302e-05
5.61094819e-01 -5.10640288e+01 -9.98228665e-03 2.11897435e-05
5.62072336e-01 -5.10794658e+01 -8.26826853e-03 6.71154853e-05
5.63049853e-01 -5.10557565e+01 -7.78616785e-03 2.00452454e-05
5.64027370e-01 -5.10716759e+01 -6.35707499e-03 6.46577629e-05
5.65004888e-01 -5.10493963e+01 -6.07573086e-03 1.93219657e-05
5.65982405e-01 -5.10655972e+01 -4.87341033e-03 6.26571196e-05
5.66959922e-01 -5.10445205e+01 -4.74480722e-03 1.89102049e-05
5.67937439e-01 -5.10608500e+01 -3.72334105e-03 6.10098879e-05
5.68914956e-01 -5.10407953e+01 -3.71005119e-03 1.87274586e-05
5.69892473e-01 -5.10571382e+01 -2.83320211e-03 5.96370212e-05
5.70869990e-01 -5.10379608e+01 -2.90613160e-03 1.87117455e-05
5.71847507e-01 -5.10542306e+01 -2.14531232e-03 5.84781579e-05
5.72825024e-01 -5.10358144e+01 -2.28191414e-03 1.88165748e-05
5.73802542e-01 -5.10519476e+01 -1.61457491e-03 5.74871296e-05
5.74780059e-01 -5.10341990e+01 -1.79743451e-03 1.90071455e-05
5.75757576e-01 -5.10501493e+01 -1.20578465e-03 5.66285593e-05
5.76735093e-01 -5.10329927e+01 -1.42150225e-03 1.92574744e-05
5.77712610e-01 -5.10487271e+01 -8.91498109e-04 5.58752810e-05
5.78690127e-01 -5.10321007e+01 -1.12980737e-03 1.95482265e-05
5.79667644e-01 -5.10475967e+01 -6.50352555e-04 5.52063821e-05
5.80645161e-01 -5.10314501e+01 -9.03426889e-04 1.98650740e-05
5.81622678e-01 -5.10466928e+01 -4.65741199e-04 5.46057171e-05
5.82600196e-01 -5.10309841e+01 -7.27649035e-04 2.01974562e-05
5.83577713e-01 -5.10459648e+01 -3.24771328e-04 5.40607779e-05
5.84555230e-01 -5.10306592e+01 -5.91049143e-04 2.05376428e-05
5.85532747e-01 -5.10453735e+01 -2.17446323e-04 5.35618360e-05
5.86510264e-01 -5.10304416e+01 -4.84764742e-04 2.08800263e-05
5.87487781e-01 -5.10448885e+01 -1.36024592e-04 5.31012891e-05
5.88465298e-01 -5.10303055e+01 -4.01927798e-04 2.12205873e-05
5.89442815e-01 -5.10444864e+01 -7.45179991e-05 5.26731644e-05
5.90420332e-01 -5.10302310e+01 -3.37220790e-04 2.15564920e-05
5.91397849e-01 -5.10441490e+01 -2.83000674e-05 5.22727404e-05
5.92375367e-01 -5.10302027e+01 -2.86530156e-04 2.18857881e-05
5.93352884e-01 -5.10438623e+01 6.19959476e-06 5.18962586e-05
5.94330401e-01 -5.10302089e+01 -2.46676132e-04 2.22071764e-05
5.95307918e-01 -5.10436155e+01 3.17332770e-05 5.15407037e-05
5.96285435e-01 -5.10302406e+01 -2.15202449e-04 2.25198388e-05
5.97262952e-01 -5.10434002e+01 5.04202474e-05 5.12036356e-05
5.98240469e-01 -5.10302910e+01 -1.90212839e-04 2.28233095e-05
5.99217986e-01 -5.10432099e+01 6.38905032e-05 5.08830614e-05
6.00195503e-01 -5.10303550e+01 -1.70244092e-04 2.31173781e-05
6.01173021e-01 -5.10430396e+01 7.33962804e-05 5.05773371e-05
6.02150538e-01 -5.10304284e+01 -1.54167590e-04 2.34020175e-05
6.03128055e-01 -5.10428853e+01 7.98984500e-05 5.02850923e-05
6.04105572e-01 -5.10305083e+01 -1.41113041e-04 2.36773300e-05
6.05083089e-01 -5.10427442e+01 8.41333814e-05 5.00051723e-05
6.06060606e-01 -5.10305925e+01 -1.30409448e-04 2.39435078e-05
6.07038123e-01 -5.10426137e+01 8.66646333e-05 4.97365942e-05
6.08015640e-01 -5.10306792e+01 -1.21539462e-04 2.42008026e-05
6.08993157e-01 -5.10424921e+01 8.79228725e-05 4.94785117e-05
6.09970674e-01 -5.10307672e+01 -1.14104132e-04 2.44495045e-05
6.10948192e-01 -5.10423779e+01 8.82366731e-05 4.92301892e-05
6.11925709e-01 -5.10308555e+01 -1.07795692e-04 2.46899263e-05
6.12903226e-01 -5.10422701e+01 8.78562539e-05 4.89909806e-05
6.13880743e-01 -5.10309434e+01 -1.02376571e-04 2.49223912e-05
6.14858260e-01 -5.10421677e+01 8.69717598e-05 4.87603136e-05
6.15835777e-01 -5.10310304e+01 -9.76632224e-05 2.51472255e-05
6.16813294e-01 -5.10420699e+01 8.57273249e-05 4.85376770e-05
6.17790811e-01 -5.10311161e+01 -9.35136665e-05 2.53647522e-05
6.18768328e-01 -5.10419764e+01 8.42318842e-05 4.83226101e-05
6.19745846e-01 -5.10312004e+01 -8.98179030e-05 2.55752874e-05
6.20723363e-01 -5.10418865e+01 8.25674758e-05 4.81146958e-05
6.21700880e-01 -5.10312830e+01 -8.64905346e-05 2.57791375e-05
6.22678397e-01 -5.10418000e+01 8.07956128e-05 4.79135534e-05
6.23655914e-01 -5.10313639e+01 -8.34650963e-05 2.59765973e-05
6.24633431e-01 -5.10417165e+01 7.89621680e-05 4.77188340e-05
6.25610948e-01 -5.10314429e+01 -8.06896961e-05 2.61679494e-05
6.26588465e-01 -5.10416358e+01 7.71011151e-05 4.75302160e-05
6.27565982e-01 -5.10315200e+01 -7.81236659e-05 2.63534636e-05
6.28543500e-01 -5.10415576e+01 7.52373928e-05 4.73474023e-05
6.29521017e-01 -5.10315953e+01 -7.57349887e-05 2.65333967e-05
6.30498534e-01 -5.10414818e+01 7.33890935e-05 4.71701167e-05
6.31476051e-01 -5.10316687e+01 -7.34983229e-05 2.67079928e-05
6.32453568e-01 -5.10414083e+01 7.15691358e-05 4.69981024e-05
6.33431085e-01 -5.10317403e+01 -7.13934843e-05 2.68774835e-05
6.34408602e-01 -5.10413369e+01 6.97865400e-05 4.68311193e-05
6.35386119e-01 -5.10318101e+01 -6.94042812e-05 2.70420885e-05
6.36363636e-01 -5.10412674e+01 6.80474005e-05 4.66689430e-05
6.37341153e-01 -5.10318782e+01 -6.75176187e-05 2.72020157e-05
6.38318671e-01 -5.10411999e+01 6.63556253e-05 4.65113630e-05
6.39296188e-01 -5.10319446e+01 -6.57228108e-05 2.73574624e-05
6.40273705e-01 -5.10411341e+01 6.47134982e-05 4.63581813e-05
6.41251222e-01 -5.10320093e+01 -6.40110515e-05 2.75086152e-05
6.42228739e-01 -5.10410701e+01 6.31221056e-05 4.62092118e-05
6.43206256e-01 -5.10320725e+01 -6.23750077e-05 2.76556512e-05
6.44183773e-01 -5.10410077e+01 6.15816586e-05 4.60642790e-05
6.45161290e-01 -5.10321341e+01 -6.08085057e-05 2.77987378e-05
6.46138807e-01 -5.10409468e+01 6.00917373e-05 4.59232174e-05
6.47116325e-01 -5.10321942e+01 -5.93062895e-05 2.79380340e-05
6.48093842e-01 -5.10408875e+01 5.86514743e-05 4.57858705e-05
6.49071359e-01 -5.10322529e+01 -5.78638337e-05 2.80736905e-05
6.50048876e-01 -5.10408296e+01 5.72596924e-05 4.56520904e-05
6.51026393e-01 -5.10323102e+01 -5.64771996e-05 2.82058501e-05
6.52003910e-01 -5.10407731e+01 5.59150077e-05 4.55217370e-05
6.52981427e-01 -5.10323661e+01 -5.51429223e-05 2.83346484e-05
6.53958944e-01 -5.10407179e+01 5.46159062e-05 4.53946776e-05
6.54936461e-01 -5.10324208e+01 -5.38579238e-05 2.84602142e-05
6.55913978e-01 -5.10406640e+01 5.33608003e-05 4.52707861e-05
6.56891496e-01 -5.10324742e+01 -5.26194446e-05 2.85826698e-05
6.57869013e-01 -5.10406114e+01 5.21480704e-05 4.51499432e-05
6.58846530e-01 -5.10325263e+01 -5.14249904e-05 2.87021315e-05
6.59824047e-01 -5.10405599e+01 5.09760947e-05 4.50320353e-05
6.60801564e-01 -5.10325773e+01 -5.02722897e-05 2.88187099e-05
6.61779081e-01 -5.10405097e+01 4.98432706e-05 4.49169543e-05
6.62756598e-01 -5.10326272e+01 -4.91592604e-05 2.89325102e-05
6.63734115e-01 -5.10404605e+01 4.87480301e-05 4.48045977e-05
6.64711632e-01 -5.10326760e+01 -4.80839831e-05 2.90436326e-05
6.65689150e-01 -5.10404124e+01 4.76888497e-05 4.46948677e-05
6.66666667e-01 -5.10327237e+01 -4.70446798e-05 2.91521725e-05
6.67644184e-01 -5.10403653e+01 4.66642567e-05 4.45876711e-05
6.68621701e-01 -5.10327704e+01 -4.60396961e-05 2.92582209e-05
6.69599218e-01 -5.10403192e+01 4.56728339e-05 4.44829191e-05
6.70576735e-01 -5.10328161e+01 -4.50674874e-05 2.93618646e-05
6.71554252e-01 -5.10402741e+01 4.47132210e-05 4.43805272e-05
6.72531769e-01 -5.10328608e+01 -4.41266069e-05 2.94631864e-05
6.73509286e-01 -5.10402300e+01 4.37841155e-05 4.42804146e-05
6.74486804e-01 -5.10329046e+01 -4.32156958e-05 2.95622652e-05
6.75464321e-01 -5.10401868e+01 4.28842722e-05 4.41825040e-05
6.76441838e-01 -5.10329475e+01 -4.23334750e-05 2.96591766e-05
6.77419355e-01 -5.10401444e+01 4.20125022e-05 4.40867219e-05
6.78396872e-01 -5.10329896e+01 -4.14787384e-05 2.97539927e-05
6.79374389e-01 -5.10401029e+01 4.11676712e-05 4.39929977e-05
6.80351906e-01 -5.10330307e+01 -4.06503463e-05 2.98467824e-05
6.81329423e-01 -5.10400622e+01 4.03486980e-05 4.39012641e-05
6.82306940e-01 -5.10330711e+01 -3.98472206e-05 2.99376119e-05
6.83284457e-01 -5.10400224e+01 3.95545517e-05 4.38114566e-05
6.84261975e-01 -5.10331107e+01 -3.90683401e-05 3.00265442e-05
6.85239492e-01 -5.10399833e+01 3.87842503e-05 4.37235136e-05
6.86217009e-01 -5.10331495e+01 -3.83127363e-05 3.01136397e-05
6.87194526e-01 -5.10399449e+01 3.80368578e-05 4.36373760e-05
6.88172043e-01 -5.10331875e+01 -3.75794897e-05 3.01989565e-05
6.89149560e-01 -5.10399073e+01 3.73114826e-05 4.35529870e-05
6.90127077e-01 -5.10332249e+01 -3.68677269e-05 3.02825500e-05
6.91104594e-01 -5.10398705e+01 3.66072746e-05 4.34702925e-05
6.92082111e-01 -5.10332615e+01 -3.61766175e-05 3.03644736e-05
6.93059629e-01 -5.10398343e+01 3.59234239e-05 4.33892404e-05
6.94037146e-01 -5.10332974e+01 -3.55053710e-05 3.04447781e-05
6.95014663e-01 -5.10397987e+01 3.52591581e-05 4.33097808e-05
6.95992180e-01 -5.10333327e+01 -3.48532350e-05 3.05235127e-05
6.96969697e-01 -5.10397639e+01 3.46137405e-05 4.32318656e-05
6.97947214e-01 -5.10333673e+01 -3.42194925e-05 3.06007244e-05
6.98924731e-01 -5.10397296e+01 3.39864685e-05 4.31554489e-05
6.99902248e-01 -5.10334013e+01 -3.36034601e-05 3.06764584e-05
7.00879765e-01 -5.10396960e+01 3.33766715e-05 4.30804864e-05
7.01857283e-01 -5.10334347e+01 -3.30044861e-05 3.07507581e-05
7.02834800e-01 -5.10396630e+01 3.27837094e-05 4.30069356e-05
7.03812317e-01 -5.10334675e+01 -3.24219482e-05 3.08236653e-05
7.04789834e-01 -5.10396306e+01 3.22069709e-05 4.29347557e-05
7.05767351e-01 -5.10334998e+01 -3.18552525e-05 3.08952200e-05
7.06744868e-01 -5.10395987e+01 3.16458720e-05 4.28639074e-05
7.07722385e-01 -5.10335314e+01 -3.13038318e-05 3.09654609e-05
7.08699902e-01 -5.10395674e+01 3.10998546e-05 4.27943527e-05
7.09677419e-01 -5.10335625e+01 -3.07671440e-05 3.10344252e-05
7.10654936e-01 -5.10395366e+01 3.05683853e-05 4.27260554e-05
7.11632454e-01 -5.10335931e+01 -3.02446706e-05 3.11021485e-05
7.12609971e-01 -5.10395063e+01 3.00509539e-05 4.26589804e-05
7.13587488e-01 -5.10336232e+01 -2.97359161e-05 3.11686654e-05
7.14565005e-01 -5.10394766e+01 2.95470721e-05 4.25930939e-05
7.15542522e-01 -5.10336528e+01 -2.92404060e-05 3.12340091e-05
7.16520039e-01 -5.10394473e+01 2.90562730e-05 4.25283633e-05
7.17497556e-01 -5.10336818e+01 -2.87576865e-05 3.12982115e-05
7.18475073e-01 -5.10394186e+01 2.85781091e-05 4.24647574e-05
7.19452590e-01 -5.10337104e+01 -2.82873227e-05 3.13613034e-05
7.20430108e-01 -5.10393903e+01 2.81121522e-05 4.24022459e-05
7.21407625e-01 -5.10337385e+01 -2.78288982e-05 3.14233145e-05
7.22385142e-01 -5.10393624e+01 2.76579919e-05 4.23407997e-05
7.23362659e-01 -5.10337662e+01 -2.73820139e-05 3.14842737e-05
7.24340176e-01 -5.10393350e+01 2.72152348e-05 4.22803906e-05
7.25317693e-01 -5.10337934e+01 -2.69462872e-05 3.15442084e-05
7.26295210e-01 -5.10393081e+01 2.67835039e-05 4.22209914e-05
7.27272727e-01 -5.10338202e+01 -2.65213513e-05 3.16031455e-05
7.28250244e-01 -5.10392815e+01 2.63624375e-05 4.21625759e-05
7.29227761e-01 -5.10338466e+01 -2.61068543e-05 3.16611108e-05
7.30205279e-01 -5.10392554e+01 2.59516886e-05 4.21051189e-05
7.31182796e-01 -5.10338726e+01 -2.57024584e-05 3.17181290e-05
7.32160313e-01 -5.10392297e+01 2.55509242e-05 4.20485959e-05
7.33137830e-01 -5.10338981e+01 -2.53078394e-05 3.17742244e-05
7.34115347e-01 -5.10392044e+01 2.51598246e-05 4.19929831e-05
7.35092864e-01 -5.10339233e+01 -2.49226861e-05 3.18294202e-05
7.36070381e-01 -5.10391794e+01 2.47780828e-05 4.19382579e-05
7.37047898e-01 -5.10339481e+01 -2.45466994e-05 3.18837389e-05
7.38025415e-01 -5.10391549e+01 2.44054039e-05 4.18843981e-05
7.39002933e-01 -5.10339725e+01 -2.41795919e-05 3.19372021e-05
7.39980450e-01 -5.10391307e+01 2.40415043e-05 4.18313823e-05
7.40957967e-01 -5.10339966e+01 -2.38210875e-05 3.19898310e-05
7.41935484e-01 -5.10391068e+01 2.36861116e-05 4.17791899e-05
7.42913001e-01 -5.10340203e+01 -2.34709207e-05 3.20416459e-05
7.43890518e-01 -5.10390834e+01 2.33389640e-05 4.17278008e-05
7.44868035e-01 -5.10340436e+01 -2.31288361e-05 3.20926666e-05
7.45845552e-01 -5.10390602e+01 2.29998095e-05 4.16771958e-05
7.46823069e-01 -5.10340666e+01 -2.27945879e-05 3.21429120e-05
7.47800587e-01 -5.10390374e+01 2.26684054e-05 4.16273560e-05
7.48778104e-01 -5.10340893e+01 -2.24679398e-05 3.21924006e-05
7.49755621e-01 -5.10390149e+01 2.23445187e-05 4.15782634e-05
7.50733138e-01 -5.10341117e+01 -2.21486642e-05 3.22411503e-05
7.51710655e-01 -5.10389928e+01 2.20279246e-05 4.15299003e-05
7.52688172e-01 -5.10341337e+01 -2.18365419e-05 3.22891785e-05
7.53665689e-01 -5.10389709e+01 2.17184068e-05 4.14822497e-05
7.54643206e-01 -5.10341554e+01 -2.15313618e-05 3.23365020e-05
7.55620723e-01 -5.10389494e+01 2.14157571e-05 4.14352952e-05
7.56598240e-01 -5.10341769e+01 -2.12329207e-05 3.23831369e-05
7.57575758e-01 -5.10389281e+01 2.11197748e-05 4.13890206e-05
7.58553275e-01 -5.10341980e+01 -2.09410224e-05 3.24290991e-05
7.59530792e-01 -5.10389072e+01 2.08302662e-05 4.13434105e-05
7.60508309e-01 -5.10342188e+01 -2.06554782e-05 3.24744040e-05
7.61485826e-01 -5.10388865e+01 2.05470450e-05 4.12984497e-05
7.62463343e-01 -5.10342394e+01 -2.03761060e-05 3.25190662e-05
7.63440860e-01 -5.10388661e+01 2.02699313e-05 4.12541239e-05
7.64418377e-01 -5.10342597e+01 -2.01027300e-05 3.25631003e-05
7.65395894e-01 -5.10388460e+01 1.99987517e-05 4.12104186e-05
7.66373412e-01 -5.10342797e+01 -1.98351808e-05 3.26065202e-05
7.67350929e-01 -5.10388262e+01 1.97333389e-05 4.11673202e-05
7.68328446e-01 -5.10342994e+01 -1.95732949e-05 3.26493395e-05
7.69305963e-01 -5.10388066e+01 1.94735313e-05 4.11248154e-05
7.70283480e-01 -5.10343189e+01 -1.93169143e-05 3.26915713e-05
7.71260997e-01 -5.10387873e+01 1.92191732e-05 4.10828912e-05
7.72238514e-01 -5.10343381e+01 -1.90658870e-05 3.27332285e-05
7.73216031e-01 -5.10387682e+01 1.89701139e-05 4.10415349e-05
7.74193548e-01 -5.10343571e+01 -1.88200656e-05 3.27743234e-05
7.75171065e-01 -5.10387494e+01 1.87262082e-05 4.10007344e-05
7.76148583e-01 -5.10343758e+01 -1.85793080e-05 3.28148681e-05
7.77126100e-01 -5.10387308e+01 1.84873157e-05 4.09604777e-05
7.78103617e-01 -5.10343943e+01 -1.83434770e-05 3.28548744e-05
7.79081134e-01 -5.10387124e+01 1.82533007e-05 4.09207534e-05
7.80058651e-01 -5.10344126e+01 -1.81124399e-05 3.28943536e-05
7.81036168e-01 -5.10386943e+01 1.80240322e-05 4.08815502e-05
7.82013685e-01 -5.10344306e+01 -1.78860684e-05 3.29333168e-05
7.82991202e-01 -5.10386764e+01 1.77993835e-05 4.08428572e-05
7.83968719e-01 -5.10344484e+01 -1.76642386e-05 3.29717748e-05
7.84946237e-01 -5.10386587e+01 1.75792321e-05 4.08046637e-05
7.85923754e-01 -5.10344660e+01 -1.74468306e-05 3.30097381e-05
7.86901271e-01 -5.10386413e+01 1.73634594e-05 4.07669595e-05
7.87878788e-01 -5.10344834e+01 -1.72337284e-05 3.30472168e-05
7.88856305e-01 -5.10386240e+01 1.71519510e-05 4.07297345e-05
7.89833822e-01 -5.10345006e+01 -1.70248197e-05 3.30842209e-05
7.90811339e-01 -5.10386070e+01 1.69445959e-05 4.06929790e-05
7.91788856e-01 -5.10345175e+01 -1.68199962e-05 3.31207600e-05
7.92766373e-01 -5.10385902e+01 1.67412869e-05 4.06566834e-05
7.93743891e-01 -5.10345343e+01 -1.66191527e-05 3.31568436e-05
7.94721408e-01 -5.10385736e+01 1.65419201e-05 4.06208385e-05
7.95698925e-01 -5.10345508e+01 -1.64221875e-05 3.31924806e-05
7.96676442e-01 -5.10385571e+01 1.63463949e-05 4.05854353e-05
7.97653959e-01 -5.10345672e+01 -1.62290022e-05 3.32276801e-05
7.98631476e-01 -5.10385409e+01 1.61546141e-05 4.05504650e-05
7.99608993e-01 -5.10345833e+01 -1.60395013e-05 3.32624506e-05
8.00586510e-01 -5.10385248e+01 1.59664834e-05 4.05159191e-05
8.01564027e-01 -5.10345993e+01 -1.58535925e-05 3.32968007e-05
8.02541544e-01 -5.10385090e+01 1.57819114e-05 4.04817892e-05
8.03519062e-01 -5.10346151e+01 -1.56711864e-05 3.33307386e-05
8.04496579e-01 -5.10384933e+01 1.56008096e-05 4.04480673e-05
8.05474096e-01 -5.10346307e+01 -1.54921962e-05 3.33642722e-05
8.06451613e-01 -5.10384778e+01 1.54230923e-05 4.04147454e-05
8.07429130e-01 -5.10346461e+01 -1.53165377e-05 3.33974093e-05
8.08406647e-01 -5.10384625e+01 1.52486764e-05 4.03818160e-05
8.09384164e-01 -5.10346614e+01 -1.51441296e-05 3.34301576e-05
8.10361681e-01 -5.10384473e+01 1.50774813e-05 4.03492713e-05
8.11339198e-01 -5.10346765e+01 -1.49748929e-05 3.34625245e-05
8.12316716e-01 -5.10384323e+01 1.49094289e-05 4.03171043e-05
8.13294233e-01 -5.10346914e+01 -1.48087509e-05 3.34945171e-05
8.14271750e-01 -5.10384175e+01 1.47444434e-05 4.02853076e-05
8.15249267e-01 -5.10347061e+01 -1.46456292e-05 3.35261426e-05
8.16226784e-01 -5.10384029e+01 1.45824513e-05 4.02538744e-05
8.17204301e-01 -5.10347207e+01 -1.44854560e-05 3.35574078e-05
8.18181818e-01 -5.10383884e+01 1.44233812e-05 4.02227979e-05
8.19159335e-01 -5.10347352e+01 -1.43281610e-05 3.35883194e-05
8.20136852e-01 -5.10383741e+01 1.42671641e-05 4.01920715e-05
8.21114370e-01 -5.10347494e+01 -1.41736765e-05 3.36188840e-05
8.22091887e-01 -5.10383599e+01 1.41137327e-05 4.01616888e-05
8.23069404e-01 -5.10347636e+01 -1.40219366e-05 3.36491079e-05
8.24046921e-01 -5.10383458e+01 1.39630218e-05 4.01316433e-05
8.25024438e-01 -5.10347775e+01 -1.38728773e-05 3.36789973e-05
8.26001955e-01 -5.10383320e+01 1.38149682e-05 4.01019291e-05
8.26979472e-01 -5.10347914e+01 -1.37264366e-05 3.37085584e-05
8.27956989e-01 -5.10383182e+01 1.36695104e-05 4.00725400e-05
8.28934506e-01 -5.10348050e+01 -1.35825540e-05 3.37377970e-05
8.29912023e-01 -5.10383046e+01 1.35265887e-05 4.00434703e-05
8.30889541e-01 -5.10348186e+01 -1.34411709e-05 3.37667189e-05
8.31867058e-01 -5.10382912e+01 1.33861452e-05 4.00147142e-05
8.32844575e-01 -5.10348320e+01 -1.33022305e-05 3.37953299e-05
8.33822092e-01 -5.10382779e+01 1.32481235e-05 3.99862661e-05
8.34799609e-01 -5.10348452e+01 -1.31656775e-05 3.38236354e-05
8.35777126e-01 -5.10382647e+01 1.31124688e-05 3.99581206e-05
8.36754643e-01 -5.10348583e+01 -1.30314580e-05 3.38516408e-05
8.37732160e-01 -5.10382517e+01 1.29791281e-05 3.99302724e-05
8.38709677e-01 -5.10348713e+01 -1.28995198e-05 3.38793513e-05
8.39687195e-01 -5.10382388e+01 1.28480495e-05 3.99027163e-05
8.40664712e-01 -5.10348842e+01 -1.27698123e-05 3.39067722e-05
8.41642229e-01 -5.10382260e+01 1.27191828e-05 3.98754471e-05
8.42619746e-01 -5.10348969e+01 -1.26422860e-05 3.39339085e-05
8.43597263e-01 -5.10382133e+01 1.25924792e-05 3.98484600e-05
8.44574780e-01 -5.10349095e+01 -1.25168928e-05 3.39607650e-05
8.45552297e-01 -5.10382008e+01 1.24678911e-05 3.98217500e-05
8.46529814e-01 -5.10349220e+01 -1.23935861e-05 3.39873465e-05
8.47507331e-01 -5.10381884e+01 1.23453723e-05 3.97953124e-05
8.48484848e-01 -5.10349343e+01 -1.22723205e-05 3.40136579e-05
8.49462366e-01 -5.10381761e+01 1.22248779e-05 3.97691426e-05
8.50439883e-01 -5.10349465e+01 -1.21530518e-05 3.40397036e-05
8.51417400e-01 -5.10381640e+01 1.21063641e-05 3.97432360e-05
8.52394917e-01 -5.10349587e+01 -1.20357368e-05 3.40654881e-05
8.53372434e-01 -5.10381519e+01 1.19897883e-05 3.97175883e-05
8.54349951e-01 -5.10349707e+01 -1.19203340e-05 3.40910158e-05
8.55327468e-01 -5.10381400e+01 1.18751090e-05 3.96921951e-05
8.56304985e-01 -5.10349825e+01 -1.18068024e-05 3.41162910e-05
8.57282502e-01 -5.10381282e+01 1.17622861e-05 3.96670520e-05
8.58260020e-01 -5.10349943e+01 -1.16951026e-05 3.41413180e-05
8.59237537e-01 -5.10381165e+01 1.16512802e-05 3.96421551e-05
8.60215054e-01 -5.10350060e+01 -1.15851958e-05 3.41661008e-05
8.61192571e-01 -5.10381049e+01 1.15420531e-05 3.96175002e-05
8.62170088e-01 -5.10350175e+01 -1.14770445e-05 3.41906433e-05
8.63147605e-01 -5.10380934e+01 1.14345676e-05 3.95930834e-05
8.64125122e-01 -5.10350289e+01 -1.13706121e-05 3.42149497e-05
8.65102639e-01 -5.10380821e+01 1.13287874e-05 3.95689007e-05
8.66080156e-01 -5.10350403e+01 -1.12658630e-05 3.42390237e-05
8.67057674e-01 -5.10380708e+01 1.12246773e-05 3.95449485e-05
8.68035191e-01 -5.10350515e+01 -1.11627624e-05 3.42628690e-05
8.69012708e-01 -5.10380596e+01 1.11222029e-05 3.95212229e-05
8.69990225e-01 -5.10350626e+01 -1.10612765e-05 3.42864894e-05
8.70967742e-01 -5.10380485e+01 1.10213306e-05 3.94977202e-05
8.71945259e-01 -5.10350737e+01 -1.09613723e-05 3.43098885e-05
8.72922776e-01 -5.10380376e+01 1.09220279e-05 3.94744371e-05
8.73900293e-01 -5.10350846e+01 -1.08630178e-05 3.43330697e-05
8.74877810e-01 -5.10380267e+01 1.08242628e-05 3.94513699e-05
8.75855327e-01 -5.10350954e+01 -1.07661816e-05 3.43560366e-05
8.76832845e-01 -5.10380159e+01 1.07280044e-05 3.94285152e-05
8.77810362e-01 -5.10351062e+01 -1.06708331e-05 3.43787926e-05
8.78787879e-01 -5.10380053e+01 1.06332226e-05 3.94058697e-05
8.79765396e-01 -5.10351168e+01 -1.05769428e-05 3.44013408e-05
8.80742913e-01 -5.10379947e+01 1.05398876e-05 3.93834301e-05
8.81720430e-01 -5.10351273e+01 -1.04844815e-05 3.44236847e-05
8.82697947e-01 -5.10379842e+01 1.04479710e-05 3.93611932e-05
8.83675464e-01 -5.10351378e+01 -1.03934209e-05 3.44458274e-05
8.84652981e-01 -5.10379738e+01 1.03574446e-05 3.93391559e-05
8.85630499e-01 -5.10351482e+01 -1.03037336e-05 3.44677720e-05
8.86608016e-01 -5.10379635e+01 1.02682811e-05 3.93173150e-05
8.87585533e-01 -5.10351584e+01 -1.02153925e-05 3.44895216e-05
8.88563050e-01 -5.10379533e+01 1.01804539e-05 3.92956675e-05
8.89540567e-01 -5.10351686e+01 -1.01283715e-05 3.45110790e-05
8.90518084e-01 -5.10379431e+01 1.00939368e-05 3.92742106e-05
8.91495601e-01 -5.10351787e+01 -1.00426449e-05 3.45324474e-05
8.92473118e-01 -5.10379331e+01 1.00087047e-05 3.92529412e-05
8.93450635e-01 -5.10351887e+01 -9.95818770e-06 3.45536296e-05
8.94428152e-01 -5.10379231e+01 9.92473273e-06 3.92318565e-05
8.95405670e-01 -5.10351987e+01 -9.87497553e-06 3.45746283e-05
8.96383187e-01 -5.10379132e+01 9.84199666e-06 3.92109538e-05
8.97360704e-01 -5.10352085e+01 -9.79298472e-06 3.45954463e-05
8.98338221e-01 -5.10379034e+01 9.76047301e-06 3.91902303e-05
8.99315738e-01 -5.10352183e+01 -9.71219188e-06 3.46160864e-05
9.00293255e-01 -5.10378937e+01 9.68013873e-06 3.91696834e-05
9.01270772e-01 -5.10352280e+01 -9.63257444e-06 3.46365512e-05
9.02248289e-01 -5.10378841e+01 9.60097132e-06 3.91493103e-05
9.03225806e-01 -5.10352376e+01 -9.55411027e-06 3.46568433e-05
9.04203324e-01 -5.10378745e+01 9.52294883e-06 3.91291086e-05
9.05180841e-01 -5.10352471e+01 -9.47677773e-06 3.46769653e-05
9.06158358e-01 -5.10378650e+01 9.44604989e-06 3.91090756e-05
9.07135875e-01 -5.10352565e+01 -9.40055568e-06 3.46969196e-05
9.08113392e-01 -5.10378556e+01 9.37025359e-06 3.90892090e-05
9.09090909e-01 -5.10352659e+01 -9.32542356e-06 3.47167088e-05
9.10068426e-01 -5.10378463e+01 9.29553947e-06 3.90695063e-05
9.11045943e-01 -5.10352752e+01 -9.25136121e-06 3.47363352e-05
9.12023460e-01 -5.10378371e+01 9.22188754e-06 3.90499650e-05
9.13000978e-01 -5.10352844e+01 -9.17834902e-06 3.47558012e-05
9.13978495e-01 -5.10378279e+01 9.14927841e-06 3.90305830e-05
9.14956012e-01 -5.10352936e+01 -9.10636765e-06 3.47751091e-05
9.15933529e-01 -5.10378188e+01 9.07769297e-06 3.90113577e-05
9.16911046e-01 -5.10353027e+01 -9.03539843e-06 3.47942612e-05
9.17888563e-01 -5.10378097e+01 9.00711259e-06 3.89922871e-05
9.18866080e-01 -5.10353117e+01 -8.96542304e-06 3.48132598e-05
9.19843597e-01 -5.10378008e+01 8.93751909e-06 3.89733689e-05
9.20821114e-01 -5.10353206e+01 -8.89642352e-06 3.48321070e-05
9.21798631e-01 -5.10377919e+01 8.86889474e-06 3.89546009e-05
9.22776149e-01 -5.10353295e+01 -8.82838232e-06 3.48508049e-05
9.23753666e-01 -5.10377830e+01 8.80122216e-06 3.89359810e-05
9.24731183e-01 -5.10353383e+01 -8.76128236e-06 3.48693558e-05
9.25708700e-01 -5.10377743e+01 8.73448436e-06 3.89175071e-05
9.26686217e-01 -5.10353470e+01 -8.69510685e-06 3.48877616e-05
9.27663734e-01 -5.10377656e+01 8.66866471e-06 3.88991771e-05
9.28641251e-01 -5.10353557e+01 -8.62983953e-06 3.49060244e-05
9.29618768e-01 -5.10377569e+01 8.60374705e-06 3.88809891e-05
9.30596285e-01 -5.10353643e+01 -8.56546426e-06 3.49241462e-05
9.31573803e-01 -5.10377484e+01 8.53971549e-06 3.88629410e-05
9.32551320e-01 -5.10353729e+01 -8.50196548e-06 3.49421290e-05
9.33528837e-01 -5.10377398e+01 8.47655448e-06 3.88450309e-05
9.34506354e-01 -5.10353814e+01 -8.43932787e-06 3.49599747e-05
9.35483871e-01 -5.10377314e+01 8.41424887e-06 3.88272569e-05
9.36461388e-01 -5.10353898e+01 -8.37753654e-06 3.49776852e-05
9.37438905e-01 -5.10377230e+01 8.35278378e-06 3.88096171e-05
9.38416422e-01 -5.10353981e+01 -8.31657672e-06 3.49952623e-05
9.39393939e-01 -5.10377147e+01 8.29214478e-06 3.87921097e-05
9.40371457e-01 -5.10354064e+01 -8.25643413e-06 3.50127079e-05
9.41348974e-01 -5.10377064e+01 8.23231761e-06 3.87747329e-05
9.42326491e-01 -5.10354147e+01 -8.19709479e-06 3.50300238e-05
9.43304008e-01 -5.10376982e+01 8.17328841e-06 3.87574848e-05
9.44281525e-01 -5.10354228e+01 -8.13854501e-06 3.50472117e-05
9.45259042e-01 -5.10376901e+01 8.11504354e-06 3.87403638e-05
9.46236559e-01 -5.10354310e+01 -8.08077131e-06 3.50642734e-05
9.47214076e-01 -5.10376820e+01 8.05756974e-06 3.87233681e-05
9.48191593e-01 -5.10354390e+01 -8.02376064e-06 3.50812106e-05
9.49169110e-01 -5.10376740e+01 8.00085397e-06 3.87064960e-05
9.50146628e-01 -5.10354470e+01 -7.96750007e-06 3.50980249e-05
9.51124145e-01 -5.10376660e+01 7.94488344e-06 3.86897459e-05
9.52101662e-01 -5.10354550e+01 -7.91197719e-06 3.51147180e-05
9.53079179e-01 -5.10376581e+01 7.88964579e-06 3.86731161e-05
9.54056696e-01 -5.10354629e+01 -7.85717948e-06 3.51312915e-05
9.55034213e-01 -5.10376502e+01 7.83512876e-06 3.86566051e-05
9.56011730e-01 -5.10354707e+01 -7.80309503e-06 3.51477471e-05
9.56989247e-01 -5.10376424e+01 7.78132041e-06 3.86402112e-05
9.57966764e-01 -5.10354785e+01 -7.74971196e-06 3.51640861e-05
9.58944282e-01 -5.10376347e+01 7.72820895e-06 3.86239330e-05
9.59921799e-01 -5.10354862e+01 -7.69701891e-06 3.51803103e-05
9.60899316e-01 -5.10376270e+01 7.67578305e-06 3.86077688e-05
9.61876833e-01 -5.10354939e+01 -7.64500432e-06 3.51964211e-05
9.62854350e-01 -5.10376193e+01 7.62403145e-06 3.85917173e-05
9.63831867e-01 -5.10355015e+01 -7.59365727e-06 3.52124200e-05
9.64809384e-01 -5.10376117e+01 7.57294311e-06 3.85757769e-05
9.65786901e-01 -5.10355091e+01 -7.54296688e-06 3.52283085e-05
9.66764418e-01 -5.10376042e+01 7.52250734e-06 3.85599461e-05
9.67741935e-01 -5.10355166e+01 -7.49292256e-06 3.52440879e-05
9.68719453e-01 -5.10375967e+01 7.47271353e-06 3.85442236e-05
9.69696970e-01 -5.10355241e+01 -7.44351387e-06 3.52597597e-05
9.70674487e-01 -5.10375892e+01 7.42355144e-06 3.85286080e-05
9.71652004e-01 -5.10355315e+01 -7.39473059e-06 3.52753253e-05
9.72629521e-01 -5.10375818e+01 7.37501092e-06 3.85130978e-05
9.73607038e-01 -5.10355389e+01 -7.34656278e-06 3.52907861e-05
9.74584555e-01 -5.10375745e+01 7.32708202e-06 3.84976918e-05
9.75562072e-01 -5.10355462e+01 -7.29900068e-06 3.53061434e-05
9.76539589e-01 -5.10375672e+01 7.27975515e-06 3.84823885e-05
9.77517107e-01 -5.10355535e+01 -7.25203456e-06 3.53213985e-05
9.78494624e-01 -5.10375599e+01 7.23302070e-06 3.84671868e-05
9.79472141e-01 -5.10355608e+01 -7.20565524e-06 3.53365527e-05
9.80449658e-01 -5.10375527e+01 7.18686933e-06 3.84520852e-05
9.81427175e-01 -5.10355680e+01 -7.15985335e-06 3.53516074e-05
9.82404692e-01 -5.10375456e+01 7.14129197e-06 3.84370826e-05
9.83382209e-01 -5.10355751e+01 -7.11461995e-06 3.53665637e-05
9.84359726e-01 -5.10375384e+01 7.09627963e-06 3.84221776e-05
9.85337243e-01 -5.10355822e+01 -7.06994620e-06 3.53814229e-05
9.86314761e-01 -5.10375314e+01 7.05182353e-06 3.84073691e-05
9.87292278e-01 -5.10355893e+01 -7.02582337e-06 3.53961862e-05
9.88269795e-01 -5.10375243e+01 7.00791511e-06 3.83926558e-05
9.89247312e-01 -5.10355963e+01 -6.98224296e-06 3.54108548e-05
9.90224829e-01 -5.10375174e+01 6.96454588e-06 3.83780366e-05
9.91202346e-01 -5.10356032e+01 -6.93919679e-06 3.54254300e-05
9.92179863e-01 -5.10375104e+01 6.92170759e-06 3.83635102e-05
9.93157380e-01 -5.10356102e+01 -6.89667647e-06 3.54399128e-05
9.94134897e-01 -5.10375035e+01 6.87939220e-06 3.83490756e-05
9.95112414e-01 -5.10356170e+01 -6.85467415e-06 3.54543044e-05
9.96089932e-01 -5.10374967e+01 6.83759163e-06 3.83347316e-05
9.97067449e-01 -5.10356239e+01 -6.81318188e-06 3.54686060e-05
9.98044966e-01 -5.10374898e+01 6.79629817e-06 3.83204770e-05
9.99022483e-01 -5.10356307e+01 -6.77219210e-06 3.54828186e-05
1.00000000e+00 -5.10374831e+01 6.75550415e-06 3.83063108e-05
