0.00000000e+00 9.19740801e-03 -5.55111512e-17 9.18270031e-03
9.77517107e-04 9.19740801e-03 -7.63278329e-17 9.18270031e-03
1.95503421e-03 9.19740801e-03 -1.38777878e-16 9.18270031e-03
2.93255132e-03 9.19740801e-03 -9.19403442e-17 9.18270031e-03
3.91006843e-03 9.19740801e-03 -9.54097912e-17 9.18270031e-03
4.88758553e-03 9.19740801e-03 -5.55111512e-17 9.18270031e-03
5.86510264e-03 9.19740801e-03 -6.41847686e-17 9.18270031e-03
6.84261975e-03 9.19740801e-03 8.67361738e-18 9.18270031e-03
7.82013685e-03 9.19740801e-03 7.63278329e-17 9.18270031e-03
8.79765396e-03 9.19740801e-03 6.24500451e-17 9.18270031e-03
9.77517107e-03 9.19740801e-03 4.16333634e-17 9.18270031e-03
1.07526882e-02 9.19740801e-03 -8.67361738e-18 9.18270031e-03
1.17302053e-02 9.19740801e-03 5.03069808e-17 9.18270031e-03
1.27077224e-02 9.19740801e-03 1.17961196e-16 9.18270031e-03
1.36852395e-02 9.19740801e-03 8.84708973e-17 9.18270031e-03
1.46627566e-02 9.19740801e-03 1.26634814e-16 9.18270031e-03
1.56402737e-02 9.19740801e-03 6.24500451e-17 9.18270031e-03
1.66177908e-02 9.19740801e-03 9.02056208e-17 9.18270031e-03
1.75953079e-02 9.19740801e-03 1.11022302e-16 9.18270031e-03
1.85728250e-02 9.19740801e-03 6.76542156e-17 9.18270031e-03
1.95503421e-02 9.19740801e-03 1.05818132e-16 9.18270031e-03
2.05278592e-02 9.19740801e-03 1.00613962e-16 9.18270031e-03
2.15053763e-02 9.19740801e-03 3.64291930e-17 9.18270031e-03
2.24828935e-02 9.19740801e-03 3.29597460e-17 9.18270031e-03
2.34604106e-02 9.19740801e-03 9.71445147e-17 9.18270031e-03
2.44379277e-02 9.19740801e-03 6.07153217e-17 9.18270031e-03
2.54154448e-02 9.19740801e-03 3.64291930e-17 9.18270031e-03
2.63929619e-02 9.19740801e-03 1.56125113e-17 9.18270031e-03
2.73704790e-02 9.19740801e-03 4.68375339e-17 9.18270031e-03
2.83479961e-02 9.19740801e-03 6.41847686e-17 9.18270031e-03
2.93255132e-02 9.19740801e-03 5.20417043e-18 9.18270031e-03
3.03030303e-02 9.19740801e-03 -2.25514052e-17 9.18270031e-03
3.12805474e-02 9.19740801e-03 6.93889390e-18 9.18270031e-03
3.22580645e-02 9.19740801e-03 1.90819582e-17 9.18270031e-03
3.32355816e-02 9.19740801e-03 -6.93889390e-18 9.18270031e-03
3.42130987e-02 9.19740801e-03 -2.42861287e-17 9.18270031e-03
3.51906158e-02 9.19740801e-03 5.20417043e-18 9.18270031e-03
3.61681329e-02 9.19740801e-03 2.60208521e-17 9.18270031e-03
3.71456500e-02 9.19740801e-03 -2.42861287e-17 9.18270031e-03
3.81231672e-02 9.19740801e-03 -4.85722573e-17 9.18270031e-03
3.91006843e-02 9.19740801e-03 -2.77555756e-17 9.18270031e-03
4.00782014e-02 9.19740801e-03 -6.93889390e-18 9.18270031e-03
4.10557185e-02 9.19740801e-03 -3.46944695e-17 9.18270031e-03
4.20332356e-02 9.19740801e-03 -6.59194921e-17 9.18270031e-03
4.30107527e-02 9.19740801e-03 -3.12250226e-17 9.18270031e-03
4.39882698e-02 9.19740801e-03 1.04083409e-17 9.18270031e-03
4.49657869e-02 9.19740801e-03 -4.85722573e-17 9.18270031e-03
4.59433040e-02 9.19740801e-03 -4.33680869e-17 9.18270031e-03
4.69208211e-02 9.19740801e-03 1.04083409e-17 9.18270031e-03
4.78983382e-02 9.19740801e-03 -4.16333634e-17 9.18270031e-03
4.88758553e-02 9.19740801e-03 -5.89805982e-17 9.18270031e-03
4.98533724e-02 9.19740801e-03 -5.03069808e-17 9.18270031e-03
5.08308895e-02 9.19740801e-03 -3.64291930e-17 9.18270031e-03
5.18084066e-02 9.19740801e-03 -2.42861287e-17 9.18270031e-03
5.27859238e-02 9.19740801e-03 -3.98986399e-17 9.18270031e-03
5.37634409e-02 9.19740801e-03 -8.67361738e-18 9.18270031e-03
5.47409580e-02 9.19740801e-03 3.46944695e-17 9.18270031e-03
5.57184751e-02 9.19740801e-03 2.42861287e-17 9.18270031e-03
5.66959922e-02 9.19740801e-03 3.12250226e-17 9.18270031e-03
5.76735093e-02 9.19740801e-03 -1.56125113e-17 9.18270031e-03
5.86510264e-02 9.19740801e-03 -3.64291930e-17 9.18270031e-03
5.96285435e-02 9.19740801e-03 2.42861287e-17 9.18270031e-03
6.06060606e-02 9.19740801e-03 5.37764278e-17 9.18270031e-03
6.15835777e-02 9.19740801e-03 2.94902991e-17 9.18270031e-03
6.25610948e-02 9.19740801e-03 7.28583860e-17 9.18270031e-03
6.35386119e-02 9.19740801e-03 1.04083409e-16 9.18270031e-03
6.45161290e-02 9.19740801e-03 5.89805982e-17 9.18270031e-03
6.54936461e-02 9.19740801e-03 7.97972799e-17 9.18270031e-03
6.64711632e-02 9.19740801e-03 1.00613962e-16 9.18270031e-03
6.74486804e-02 9.19740801e-03 9.02056208e-17 9.18270031e-03
6.84261975e-02 9.19740801e-03 9.02056208e-17 9.18270031e-03
6.94037146e-02 9.19740801e-03 1.14491749e-16 9.18270031e-03
7.03812317e-02 9.19740801e-03 1.31838984e-16 9.18270031e-03
7.13587488e-02 9.19740801e-03 1.16226473e-16 9.18270031e-03
7.23362659e-02 9.19740801e-03 7.97972799e-17 9.18270031e-03
7.33137830e-02 9.19740801e-03 5.72458747e-17 9.18270031e-03
7.42913001e-02 9.19740801e-03 8.32667268e-17 9.18270031e-03
7.52688172e-02 9.19740801e-03 7.28583860e-17 9.18270031e-03
7.62463343e-02 9.19740801e-03 4.51028104e-17 9.18270031e-03
7.72238514e-02 9.19740801e-03 7.97972799e-17 9.18270031e-03
7.82013685e-02 9.19740801e-03 1.21430643e-16 9.18270031e-03
7.91788856e-02 9.19740801e-03 6.76542156e-17 9.18270031e-03
8.01564027e-02 9.19740801e-03 4.85722573e-17 9.18270031e-03
8.11339198e-02 9.19740801e-03 9.36750677e-17 9.18270031e-03
8.21114370e-02 9.19740801e-03 7.28583860e-17 9.18270031e-03
8.30889541e-02 9.19740801e-03 9.88792381e-17 9.18270031e-03
8.40664712e-02 9.19740801e-03 1.50920942e-16 9.18270031e-03
8.50439883e-02 9.19740801e-03 1.45716772e-16 9.18270031e-03
8.60215054e-02 9.19740801e-03 1.19695920e-16 9.18270031e-03
8.69990225e-02 9.19740801e-03 1.12757026e-16 9.18270031e-03
8.79765396e-02 9.19740801e-03 1.37043155e-16 9.18270031e-03
8.89540567e-02 9.19740801e-03 1.28369537e-16 9.18270031e-03
8.99315738e-02 9.19740801e-03 8.84708973e-17 9.18270031e-03
9.09090909e-02 9.19740801e-03 1.11022302e-16 9.18270031e-03
9.18866080e-02 9.19740801e-03 1.43982049e-16 9.18270031e-03
9.28641251e-02 9.19740801e-03 1.28369537e-16 9.18270031e-03
9.38416422e-02 9.19740801e-03 1.19695920e-16 9.18270031e-03
9.48191593e-02 9.19740801e-03 9.19403442e-17 9.18270031e-03
9.57966764e-02 9.19740801e-03 9.54097912e-17 9.18270031e-03
9.67741935e-02 9.19740801e-03 1.19695920e-16 9.18270031e-03
9.77517107e-02 9.19740801e-03 9.88792381e-17 9.18270031e-03
9.87292278e-02 9.19740801e-03 1.12757026e-16 9.18270031e-03
9.97067449e-02 9.19740801e-03 1.11022302e-16 9.18270031e-03
1.00684262e-01 9.19740801e-03 8.32667268e-17 9.18270031e-03
1.01661779e-01 9.19740801e-03 8.50014503e-17 9.18270031e-03
1.02639296e-01 9.19740801e-03 5.03069808e-17 9.18270031e-03
1.03616813e-01 9.19740801e-03 4.51028104e-17 9.18270031e-03
1.04594330e-01 9.19740801e-03 6.24500451e-17 9.18270031e-03
1.05571848e-01 9.19740801e-03 9.02056208e-17 9.18270031e-03
1.06549365e-01 9.19740801e-03 6.76542156e-17 9.18270031e-03
1.07526882e-01 9.19740801e-03 8.67361738e-18 9.18270031e-03
1.08504399e-01 9.19740801e-03 1.73472348e-18 9.18270031e-03
1.09481916e-01 9.19740801e-03 3.12250226e-17 9.18270031e-03
1.10459433e-01 9.19740801e-03 2.42861287e-17 9.18270031e-03
1.11436950e-01 9.19740801e-03 3.81639165e-17 9.18270031e-03
1.12414467e-01 9.19740801e-03 2.60208521e-17 9.18270031e-03
1.13391984e-01 9.19740801e-03 -1.21430643e-17 9.18270031e-03
1.14369501e-01 9.19740801e-03 3.46944695e-17 9.18270031e-03
1.15347019e-01 9.19740801e-03 5.20417043e-18 9.18270031e-03
1.16324536e-01 9.19740801e-03 -4.68375339e-17 9.18270031e-03
1.17302053e-01 9.19740801e-03 -1.04083409e-17 9.18270031e-03
1.18279570e-01 9.19740801e-03 1.56125113e-17 9.18270031e-03
1.19257087e-01 9.19740801e-03 3.46944695e-17 9.18270031e-03
1.20234604e-01 9.19740801e-03 4.85722573e-17 9.18270031e-03
1.21212121e-01 9.19740801e-03 3.98986399e-17 9.18270031e-03
1.22189638e-01 9.19740801e-03 2.08166817e-17 9.18270031e-03
1.23167155e-01 9.19740801e-03 -8.67361738e-18 9.18270031e-03
1.24144673e-01 9.19740801e-03 5.37764278e-17 9.18270031e-03
1.25122190e-01 9.19740801e-03 6.24500451e-17 9.18270031e-03
1.26099707e-01 9.19740801e-03 1.90819582e-17 9.18270031e-03
1.27077224e-01 9.19740801e-03 5.03069808e-17 9.18270031e-03
1.28054741e-01 9.19740801e-03 4.51028104e-17 9.18270031e-03
1.29032258e-01 9.19740801e-03 3.46944695e-17 9.18270031e-03
1.30009775e-01 9.19740801e-03 2.60208521e-17 9.18270031e-03
1.30987292e-01 9.19740801e-03 1.73472348e-18 9.18270031e-03
1.31964809e-01 9.19740801e-03 1.56125113e-17 9.18270031e-03
1.32942326e-01 9.19740801e-03 2.42861287e-17 9.18270031e-03
1.33919844e-01 9.19740801e-03 0.00000000e+00 9.18270031e-03
1.34897361e-01 9.19740801e-03 -4.16333634e-17 9.18270031e-03
1.35874878e-01 9.19740801e-03 -2.08166817e-17 9.18270031e-03
1.36852395e-01 9.19740801e-03 5.20417043e-18 9.18270031e-03
1.37829912e-01 9.19740801e-03 -5.20417043e-18 9.18270031e-03
1.38807429e-01 9.19740801e-03 -5.03069808e-17 9.18270031e-03
1.39784946e-01 9.19740801e-03 -7.11236625e-17 9.18270031e-03
1.40762463e-01 9.19740801e-03 -3.81639165e-17 9.18270031e-03
1.41739980e-01 9.19740801e-03 -5.20417043e-17 9.18270031e-03
1.42717498e-01 9.19740801e-03 -5.03069808e-17 9.18270031e-03
1.43695015e-01 9.19740801e-03 -3.98986399e-17 9.18270031e-03
1.44672532e-01 9.19740801e-03 -3.12250226e-17 9.18270031e-03
1.45650049e-01 9.19740801e-03 -1.56125113e-17 9.18270031e-03
1.46627566e-01 9.19740801e-03 -4.68375339e-17 9.18270031e-03
1.47605083e-01 9.19740801e-03 -6.76542156e-17 9.18270031e-03
1.48582600e-01 9.19740801e-03 -3.81639165e-17 9.18270031e-03
1.49560117e-01 9.19740801e-03 -2.42861287e-17 9.18270031e-03
1.50537634e-01 9.19740801e-03 -4.51028104e-17 9.18270031e-03
1.51515152e-01 9.19740801e-03 -3.81639165e-17 9.18270031e-03
1.52492669e-01 9.19740801e-03 -1.73472348e-17 9.18270031e-03
1.53470186e-01 9.19740801e-03 -3.12250226e-17 9.18270031e-03
1.54447703e-01 9.19740801e-03 -5.20417043e-17 9.18270031e-03
1.55425220e-01 9.19740801e-03 -5.89805982e-17 9.18270031e-03
1.56402737e-01 9.19740801e-03 -2.60208521e-17 9.18270031e-03
1.57380254e-01 9.19740801e-03 -2.08166817e-17 9.18270031e-03
1.58357771e-01 9.19740801e-03 -2.42861287e-17 9.18270031e-03
1.59335288e-01 9.19740801e-03 -2.08166817e-17 9.18270031e-03
1.60312805e-01 9.19740801e-03 -2.94902991e-17 9.18270031e-03
1.61290323e-01 9.19740801e-03 -4.51028104e-17 9.18270031e-03
1.62267840e-01 9.19740801e-03 -6.59194921e-17 9.18270031e-03
1.63245357e-01 9.19740801e-03 -7.28583860e-17 9.18270031e-03
1.64222874e-01 9.19740801e-03 -3.98986399e-17 9.18270031e-03
1.65200391e-01 9.19740801e-03 -4.16333634e-17 9.18270031e-03
1.66177908e-01 9.19740801e-03 -1.00613962e-16 9.18270031e-03
1.67155425e-01 9.19740801e-03 -5.37764278e-17 9.18270031e-03
1.68132942e-01 9.19740801e-03 -5.37764278e-17 9.18270031e-03
1.69110459e-01 9.19740801e-03 -1.11022302e-16 9.18270031e-03
1.70087977e-01 9.19740801e-03 -6.41847686e-17 9.18270031e-03
1.71065494e-01 9.19740801e-03 -5.37764278e-17 9.18270031e-03
1.72043011e-01 9.19740801e-03 -5.20417043e-17 9.18270031e-03
1.73020528e-01 9.19740801e-03 -5.89805982e-17 9.18270031e-03
1.73998045e-01 9.19740801e-03 -6.76542156e-17 9.18270031e-03
1.74975562e-01 9.19740801e-03 -3.98986399e-17 9.18270031e-03
1.75953079e-01 9.19740801e-03 -5.20417043e-17 9.18270031e-03
1.76930596e-01 9.19740801e-03 -7.28583860e-17 9.18270031e-03
1.77908113e-01 9.19740801e-03 -6.41847686e-17 9.18270031e-03
1.78885630e-01 9.19740801e-03 -3.46944695e-17 9.18270031e-03
1.79863148e-01 9.19740801e-03 -2.94902991e-17 9.18270031e-03
1.80840665e-01 9.19740801e-03 -8.67361738e-18 9.18270031e-03
1.81818182e-01 9.19740801e-03 -3.64291930e-17 9.18270031e-03
1.82795699e-01 9.19740801e-03 -1.73472348e-17 9.18270031e-03
1.83773216e-01 9.19740801e-03 -8.67361738e-18 9.18270031e-03
1.84750733e-01 9.19740801e-03 -2.94902991e-17 9.18270031e-03
1.85728250e-01 9.19740801e-03 2.08166817e-17 9.18270031e-03
1.86705767e-01 9.19740801e-03 1.38777878e-17 9.18270031e-03
1.87683284e-01 9.19740801e-03 -1.90819582e-17 9.18270031e-03
1.88660802e-01 9.19740801e-03 -8.67361738e-18 9.18270031e-03
1.89638319e-01 9.19740801e-03 2.42861287e-17 9.18270031e-03
1.90615836e-01 9.19740801e-03 3.98986399e-17 9.18270031e-03
1.91593353e-01 9.19740801e-03 4.85722573e-17 9.18270031e-03
1.92570870e-01 9.19740801e-03 1.73472348e-17 9.18270031e-03
1.93548387e-01 9.19740801e-03 1.73472348e-17 9.18270031e-03
1.94525904e-01 9.19740801e-03 7.80625564e-17 9.18270031e-03
1.95503421e-01 9.19740801e-03 6.93889390e-17 9.18270031e-03
1.96480938e-01 9.19740801e-03 3.64291930e-17 9.18270031e-03
1.97458456e-01 9.19740801e-03 4.51028104e-17 9.18270031e-03
1.98435973e-01 9.19740801e-03 9.36750677e-17 9.18270031e-03
1.99413490e-01 9.19740801e-03 9.54097912e-17 9.18270031e-03
2.00391007e-01 9.19740801e-03 6.24500451e-17 9.18270031e-03
2.01368524e-01 9.19740801e-03 1.33573708e-16 9.18270031e-03
2.02346041e-01 9.19740801e-03 1.63064007e-16 9.18270031e-03
2.03323558e-01 9.19740801e-03 1.40512602e-16 9.18270031e-03
2.04301075e-01 9.19740801e-03 1.66533454e-16 9.18270031e-03
2.05278592e-01 9.19740801e-03 1.83880688e-16 9.18270031e-03
2.06256109e-01 9.19740801e-03 1.85615412e-16 9.18270031e-03
2.07233627e-01 9.19740801e-03 1.75207071e-16 9.18270031e-03
2.08211144e-01 9.19740801e-03 1.64798730e-16 9.18270031e-03
2.09188661e-01 9.19740801e-03 1.82145965e-16 9.18270031e-03
2.10166178e-01 9.19740801e-03 2.11636264e-16 9.18270031e-03
2.11143695e-01 9.19740801e-03 2.13370988e-16 9.18270031e-03
2.12121212e-01 9.19740801e-03 2.18575158e-16 9.18270031e-03
2.13098729e-01 9.19740801e-03 2.25514052e-16 9.18270031e-03
2.14076246e-01 9.19740801e-03 2.08166817e-16 9.18270031e-03
2.15053763e-01 9.19740801e-03 2.09901541e-16 9.18270031e-03
2.16031281e-01 9.19740801e-03 2.20309881e-16 9.18270031e-03
2.17008798e-01 9.19740801e-03 2.63677968e-16 9.18270031e-03
2.17986315e-01 9.19740801e-03 2.87964097e-16 9.18270031e-03
2.18963832e-01 9.19740801e-03 2.63677968e-16 9.18270031e-03
2.19941349e-01 9.19740801e-03 2.81025203e-16 9.18270031e-03
2.20918866e-01 9.19740801e-03 2.94902991e-16 9.18270031e-03
2.21896383e-01 9.19740801e-03 2.84494650e-16 9.18270031e-03
2.22873900e-01 9.19740801e-03 3.31332184e-16 9.18270031e-03
2.23851417e-01 9.19740801e-03 3.60822483e-16 9.18270031e-03
2.24828935e-01 9.19740801e-03 3.40005801e-16 9.18270031e-03
2.25806452e-01 9.19740801e-03 3.81639165e-16 9.18270031e-03
2.26783969e-01 9.19740801e-03 3.97251676e-16 9.18270031e-03
2.27761486e-01 9.19740801e-03 4.30211422e-16 9.18270031e-03
2.28739003e-01 9.19740801e-03 4.68375339e-16 9.18270031e-03
2.29716520e-01 9.19740801e-03 4.78783679e-16 9.18270031e-03
2.30694037e-01 9.19740801e-03 5.72458747e-16 9.18270031e-03
2.31671554e-01 9.19740801e-03 5.81132364e-16 9.18270031e-03
2.32649071e-01 9.19740801e-03 5.98479599e-16 9.18270031e-03
2.33626588e-01 9.19740801e-03 6.73072709e-16 9.18270031e-03
2.34604106e-01 9.19740801e-03 7.09501902e-16 9.18270031e-03
2.35581623e-01 9.19740801e-03 7.82360288e-16 9.18270031e-03
2.36559140e-01 9.19740801e-03 8.69096461e-16 9.18270031e-03
2.37536657e-01 9.19740801e-03 9.24607613e-16 9.18270031e-03
2.38514174e-01 9.19740801e-03 9.97465999e-16 9.18270031e-03
2.39491691e-01 9.19740801e-03 1.11195775e-15 9.18270031e-03
2.40469208e-01 9.19740801e-03 1.20910226e-15 9.18270031e-03
2.41446725e-01 9.19740801e-03 1.24900090e-15 9.18270031e-03
2.42424242e-01 9.19740801e-03 1.40512602e-15 9.18270031e-03
2.43401760e-01 9.19740801e-03 1.52655666e-15 9.18270031e-03
2.44379277e-01 9.19740801e-03 1.60635394e-15 9.18270031e-03
2.45356794e-01 9.19740801e-03 1.75727488e-15 9.18270031e-03
2.46334311e-01 9.19740801e-03 1.91339999e-15 9.18270031e-03
2.47311828e-01 9.19740801e-03 2.06952511e-15 9.18270031e-03
2.48289345e-01 9.19740801e-03 2.23952801e-15 9.18270031e-03
2.49266862e-01 9.19740801e-03 2.38524478e-15 9.18270031e-03
2.50244379e-01 9.19740801e-03 2.47718512e-15 9.18270031e-03
2.51221896e-01 9.19740801e-03 2.78943535e-15 9.18270031e-03
2.52199413e-01 9.19740801e-03 2.97678548e-15 9.18270031e-03
2.53176931e-01 9.19740801e-03 3.08607306e-15 9.18270031e-03
2.54154448e-01 9.19740801e-03 3.34107741e-15 9.18270031e-03
2.55131965e-01 9.19740801e-03 3.56832619e-15 9.18270031e-03
2.56109482e-01 9.19740801e-03 3.78690135e-15 9.18270031e-03
2.57086999e-01 9.19740801e-03 3.94476118e-15 9.18270031e-03
2.58064516e-01 9.19740801e-03 4.18241830e-15 9.18270031e-03
2.59042033e-01 9.19740801e-03 4.45997406e-15 9.18270031e-03
2.60019550e-01 9.19740801e-03 4.68722283e-15 9.18270031e-03
2.60997067e-01 9.19740801e-03 4.89192020e-15 9.18270031e-03
2.61974585e-01 9.19740801e-03 5.15733289e-15 9.18270031e-03
2.62952102e-01 9.19740801e-03 5.41927614e-15 9.18270031e-03
2.63929619e-01 9.19740801e-03 5.59448321e-15 9.18270031e-03
2.64907136e-01 9.19740801e-03 5.77836390e-15 9.18270031e-03
2.65884653e-01 9.19740801e-03 5.88244731e-15 9.18270031e-03
2.66862170e-01 9.19740801e-03 6.02469463e-15 9.18270031e-03
2.67839687e-01 9.19740801e-03 6.08540995e-15 9.18270031e-03
2.68817204e-01 9.19740801e-03 6.02642936e-15 9.18270031e-03
2.69794721e-01 9.19740801e-03 6.00561267e-15 9.18270031e-03
2.70772239e-01 9.19740801e-03 5.83387505e-15 9.18270031e-03
2.71749756e-01 9.19740801e-03 5.49907342e-15 9.18270031e-03
2.72727273e-01 9.19740801e-03 5.04457587e-15 9.18270031e-03
2.73704790e-01 9.19740801e-03 4.43048376e-15 9.18270031e-03
2.74682307e-01 9.19740801e-03 3.62383734e-15 9.18270031e-03
2.75659824e-01 9.19740801e-03 2.48932819e-15 9.18270031e-03
2.76637341e-01 9.19740801e-03 1.05471187e-15 9.18270031e-03
2.77614858e-01 9.19740801e-03 -6.57460197e-16 9.18270031e-03
2.78592375e-01 9.19740801e-03 -2.85882429e-15 9.18270031e-03
2.79569892e-01 9.19740801e-03 -5.59448321e-15 9.18270031e-03
2.80547410e-01 9.19740801e-03 -8.88351892e-15 9.18270031e-03
2.81524927e-01 9.19740801e-03 -1.28647093e-14 9.18270031e-03
2.82502444e-01 9.19740801e-03 -1.76785669e-14 9.18270031e-03
2.83479961e-01 9.19740801e-03 -2.35141767e-14 9.18270031e-03
2.84457478e-01 9.19740801e-03 -3.04548053e-14 9.18270031e-03
2.85434995e-01 9.19740801e-03 -3.86218835e-14 9.18270031e-03
2.86412512e-01 9.19740801e-03 -4.83797030e-14 9.18270031e-03
2.87390029e-01 9.19740801e-03 -6.00058198e-14 9.18270031e-03
2.88367546e-01 9.19740801e-03 -7.37326866e-14 9.18270031e-03
2.89345064e-01 9.19740801e-03 -8.98951052e-14 9.18270031e-03
2.90322581e-01 9.19740801e-03 -1.08890327e-13 9.18270031e-03
2.91300098e-01 9.19740801e-03 -1.31221423e-13 9.18270031e-03
2.92277615e-01 9.19740801e-03 -1.57462585e-13 9.18270031e-03
2.93255132e-01 9.19740801e-03 -1.88115148e-13 9.18270031e-03
2.94232649e-01 9.19740801e-03 -2.23978822e-13 9.18270031e-03
2.95210166e-01 9.19740801e-03 -2.66021580e-13 9.18270031e-03
2.96187683e-01 9.19740801e-03 -3.15048335e-13 9.18270031e-03
2.97165200e-01 9.19740801e-03 -3.72216147e-13 9.18270031e-03
2.98142717e-01 9.19740801e-03 -4.38862488e-13 9.18270031e-03
2.99120235e-01 9.19740801e-03 -5.16468812e-13 9.18270031e-03
3.00097752e-01 9.19740801e-03 -6.06811476e-13 9.18270031e-03
3.01075269e-01 9.19740801e-03 -7.11814288e-13 9.18270031e-03
3.02052786e-01 9.19740801e-03 -8.33947494e-13 9.18270031e-03
3.03030303e-01 9.19740801e-03 -9.75868691e-13 9.18270031e-03
3.04007820e-01 9.19740801e-03 -1.14062579e-12 9.18270031e-03
3.04985337e-01 9.19740801e-03 -1.33191375e-12 9.18270031e-03
3.05962854e-01 9.19740801e-03 -1.55382998e-12 9.18270031e-03
3.06940371e-01 9.19740801e-03 -1.81125601e-12 9.18270031e-03
3.07917889e-01 9.19740802e-03 -2.10983314e-12 9.18270031e-03
3.08895406e-01 9.19740802e-03 -2.45584976e-12 9.18270031e-03
3.09872923e-01 9.19740802e-03 -2.85684844e-12 9.18270031e-03
3.10850440e-01 9.19740802e-03 -3.32150453e-12 9.18270031e-03
3.11827957e-01 9.19740802e-03 -3.85966432e-12 9.18270031e-03
3.12805474e-01 9.19740802e-03 -4.48286547e-12 9.18270031e-03
3.13782991e-01 9.19740803e-03 -5.20443584e-12 9.18270031e-03
3.14760508e-01 9.19740803e-03 -6.03977805e-12 9.18270031e-03
3.15738025e-01 9.19740803e-03 -7.00669384e-12 9.18270031e-03
3.16715543e-01 9.19740804e-03 -8.12563732e-12 9.18270031e-03
3.17693060e-01 9.19740804e-03 -9.42035859e-12 9.18270031e-03
3.18670577e-01 9.19740804e-03 -1.09183964e-11 9.18270031e-03
3.19648094e-01 9.19740805e-03 -1.26514060e-11 9.18270031e-03
3.20625611e-01 9.19740806e-03 -1.46560472e-11 9.18270031e-03
3.21603128e-01 9.19740807e-03 -1.69746509e-11 9.18270031e-03
3.22580645e-01 9.19740807e-03 -1.96562263e-11 9.18270031e-03
3.23558162e-01 9.19740808e-03 -2.27574140e-11 9.18270031e-03
3.24535679e-01 9.19740810e-03 -2.63434344e-11 9.18270031e-03
3.25513196e-01 9.19740811e-03 -3.04899283e-11 9.18270031e-03
3.26490714e-01 9.19740813e-03 -3.52843397e-11 9.18270031e-03
3.27468231e-01 9.19740815e-03 -4.08274369e-11 9.18270031e-03
3.28445748e-01 9.19740817e-03 -4.72358940e-11 9.18270031e-03
3.29423265e-01 9.19740819e-03 -5.46444990e-11 9.18270031e-03
3.30400782e-01 9.19740822e-03 -6.32089606e-11 9.18270031e-03
3.31378299e-01 9.19740826e-03 -7.31093571e-11 9.18270031e-03
3.32355816e-01 9.19740830e-03 -8.45537355e-11 9.18270031e-03
3.33333333e-01 9.19740834e-03 -9.77824436e-11 9.18270032e-03
3.34310850e-01 9.19740839e-03 -1.13073242e-10 9.18270032e-03
3.35288368e-01 9.19740845e-03 -1.30747257e-10 9.18270032e-03
3.36265885e-01 9.19740852e-03 -1.51175569e-10 9.18270032e-03
3.37243402e-01 9.19740861e-03 -1.74786841e-10 9.18270032e-03
3.38220919e-01 9.19740870e-03 -2.02076586e-10 9.18270033e-03
3.39198436e-01 9.19740881e-03 -2.33617490e-10 9.18270033e-03
3.40175953e-01 9.19740893e-03 -2.70071293e-10 9.18270033e-03
3.41153470e-01 9.19740908e-03 -3.12202762e-10 9.18270034e-03
3.42130987e-01 9.19740925e-03 -3.60895718e-10 9.18270034e-03
3.43108504e-01 9.19740944e-03 -4.17171488e-10 9.18270035e-03
3.44086022e-01 9.19740966e-03 -4.82210383e-10 9.18270036e-03
3.45063539e-01 9.19740992e-03 -5.57376475e-10 9.18270036e-03
3.46041056e-01 9.19741022e-03 -6.44246129e-10 9.18270037e-03
3.47018573e-01 9.19741057e-03 -7.44641128e-10 9.18270038e-03
3.47996090e-01 9.19741097e-03 -8.60666824e-10 9.18270040e-03
3.48973607e-01 9.19741143e-03 -9.94756244e-10 9.18270041e-03
3.49951124e-01 9.19741196e-03 -1.14972099e-09 9.18270043e-03
3.50928641e-01 9.19741258e-03 -1.32881060e-09 9.18270045e-03
3.51906158e-01 9.19741329e-03 -1.53578045e-09 9.18270047e-03
3.52883675e-01 9.19741411e-03 -1.77497027e-09 9.18270049e-03
3.53861193e-01 9.19741507e-03 -2.05139537e-09 9.18270052e-03
3.54838710e-01 9.19741617e-03 -2.37085198e-09 9.18270056e-03
3.55816227e-01 9.19741744e-03 -2.74003860e-09 9.18270060e-03
3.56793744e-01 9.19741891e-03 -3.16669618e-09 9.18270064e-03
3.57771261e-01 9.19742061e-03 -3.65977102e-09 9.18270069e-03
3.58748778e-01 9.19742257e-03 -4.22960220e-09 9.18270075e-03
3.59726295e-01 9.19742484e-03 -4.88813806e-09 9.18270083e-03
3.60703812e-01 9.19742746e-03 -5.64918719e-09 9.18270091e-03
3.61681329e-01 9.19743049e-03 -6.52870779e-09 9.18270100e-03
3.62658847e-01 9.19743399e-03 -7.54514255e-09 9.18270111e-03
3.63636364e-01 9.19743804e-03 -8.71980526e-09 9.18270124e-03
3.64613881e-01 9.19744272e-03 -1.00773277e-08 9.18270138e-03
3.65591398e-01 9.19744812e-03 -1.16461765e-08 9.18270155e-03
3.66568915e-01 9.19745437e-03 -1.34592505e-08 9.18270175e-03
3.67546432e-01 9.19746159e-03 -1.55545697e-08 9.18270197e-03
3.68523949e-01 9.19746993e-03 -1.79760737e-08 9.18270223e-03
3.69501466e-01 9.19747957e-03 -2.07745430e-08 9.18270254e-03
3.70478983e-01 9.19749071e-03 -2.40086638e-08 9.18270288e-03
3.71456500e-01 9.19750359e-03 -2.77462593e-08 9.18270329e-03
3.72434018e-01 9.19751847e-03 -3.20657119e-08 9.18270376e-03
3.73411535e-01 9.19753567e-03 -3.70576077e-08 9.18270429e-03
3.74389052e-01 9.19755555e-03 -4.28266366e-08 9.18270492e-03
3.75366569e-01 9.19757852e-03 -4.94937872e-08 9.18270564e-03
3.76344086e-01 9.19760507e-03 -5.71988861e-08 9.18270647e-03
3.77321603e-01 9.19763575e-03 -6.61035299e-08 9.18270744e-03
3.78299120e-01 9.19767120e-03 -7.63944753e-08 9.18270855e-03
3.79276637e-01 9.19771218e-03 -8.82875563e-08 9.18270984e-03
3.80254154e-01 9.19775953e-03 -1.02032212e-07 9.18271132e-03
3.81231672e-01 9.19781426e-03 -1.17916718e-07 9.18271304e-03
3.82209189e-01 9.19787751e-03 -1.36274235e-07 9.18271503e-03
3.83186706e-01 9.19795060e-03 -1.57489796e-07 9.18271733e-03
3.84164223e-01 9.19803508e-03 -1.82008385e-07 9.18271999e-03
3.85141740e-01 9.19813270e-03 -2.10344270e-07 9.18272306e-03
3.86119257e-01 9.19824552e-03 -2.43091790e-07 9.18272661e-03
3.87096774e-01 9.19837591e-03 -2.80937826e-07 9.18273071e-03
3.88074291e-01 9.19852660e-03 -3.24676207e-07 9.18273545e-03
3.89051808e-01 9.19870075e-03 -3.75224365e-07 9.18274093e-03
3.90029326e-01 9.19890201e-03 -4.33642576e-07 9.18274726e-03
3.91006843e-01 9.19913460e-03 -5.01156210e-07 9.18275458e-03
3.91984360e-01 9.19940341e-03 -5.79181428e-07 9.18276304e-03
3.92961877e-01 9.19971406e-03 -6.69354893e-07 9.18277282e-03
3.93939394e-01 9.20007309e-03 -7.73568105e-07 9.18278413e-03
3.94916911e-01 9.20048801e-03 -8.94007077e-07 9.18279719e-03
3.95894428e-01 9.20096753e-03 -1.03319819e-06 9.18281229e-03
3.96871945e-01 9.20152171e-03 -1.19406119e-06 9.18282974e-03
3.97849462e-01 9.20216218e-03 -1.37997044e-06 9.18284990e-03
3.98826979e-01 9.20290236e-03 -1.59482569e-06 9.18287321e-03
3.99804497e-01 9.20375778e-03 -1.84313389e-06 9.18290015e-03
4.00782014e-01 9.20474639e-03 -2.13010369e-06 9.18293128e-03
4.01759531e-01 9.20588893e-03 -2.46175474e-06 9.18296727e-03
4.02737048e-01 9.20720935e-03 -2.84504391e-06 9.18300885e-03
4.03714565e-01 9.20873536e-03 -3.28801119e-06 9.18305692e-03
4.04692082e-01 9.21049897e-03 -3.79994831e-06 9.18311247e-03
4.05669599e-01 9.21253716e-03 -4.39159359e-06 9.18317667e-03
4.06647116e-01 9.21489271e-03 -5.07535707e-06 9.18325086e-03
4.07624633e-01 9.21761500e-03 -5.86558075e-06 9.18333661e-03
4.08602151e-01 9.22076115e-03 -6.77883921e-06 9.18343572e-03
4.09579668e-01 9.22439715e-03 -7.83428705e-06 9.18355026e-03
4.10557185e-01 9.22859927e-03 -9.05406034e-06 9.18368263e-03
4.11534702e-01 9.23345564e-03 -1.04637404e-05 9.18383562e-03
4.12512219e-01 9.23906812e-03 -1.20928900e-05 9.18401242e-03
4.13489736e-01 9.24555443e-03 -1.39756719e-05 9.18421676e-03
4.14467253e-01 9.25305062e-03 -1.61515651e-05 9.18445292e-03
4.15444770e-01 9.26171389e-03 -1.86661906e-05 9.18472585e-03
4.16422287e-01 9.27172593e-03 -2.15722661e-05 9.18504127e-03
4.17399804e-01 9.28329669e-03 -2.49307088e-05 9.18540581e-03
4.18377322e-01 9.29666881e-03 -2.88119088e-05 9.18582711e-03
4.19354839e-01 9.31212268e-03 -3.32972000e-05 9.18631400e-03
4.20332356e-01 9.32998228e-03 -3.84805580e-05 9.18687670e-03
4.21309873e-01 9.35062203e-03 -4.44705608e-05 9.18752700e-03
4.22287390e-01 9.37447457e-03 -5.13926522e-05 9.18827855e-03
4.23264907e-01 9.40203979e-03 -5.93917537e-05 9.18914711e-03
4.24242424e-01 9.43389533e-03 -6.86352788e-05 9.19015088e-03
4.25219941e-01 9.47070860e-03 -7.93166094e-05 9.19131090e-03
4.26197458e-01 9.51325069e-03 -9.16591059e-05 9.19265150e-03
4.27174976e-01 9.56241248e-03 -1.05920730e-04 9.19420077e-03
4.28152493e-01 9.61922317e-03 -1.22399371e-04 9.19599118e-03
4.29130010e-01 9.68487165e-03 -1.41438981e-04 9.19806025e-03
4.30107527e-01 9.76073124e-03 -1.63436643e-04 9.20045131e-03
4.31085044e-01 9.84838813e-03 -1.88850693e-04 9.20321445e-03
4.32062561e-01 9.94967419e-03 -2.18210066e-04 9.20640751e-03
4.33040078e-01 1.00667048e-02 -2.52125031e-04 9.21009733e-03
4.34017595e-01 1.02019224e-02 -2.91299508e-04 9.21436112e-03
4.34995112e-01 1.03581466e-02 -3.36545188e-04 9.21928804e-03
4.35972630e-01 1.05386320e-02 -3.88797697e-04 9.22498110e-03
4.36950147e-01 1.07471342e-02 -4.49135072e-04 9.23155923e-03
4.37927664e-01 1.09879865e-02 -5.18798840e-04 9.23915977e-03
4.38905181e-01 1.12661865e-02 -5.99218013e-04 9.24794129e-03
4.39882698e-01 1.15874972e-02 -6.92036334e-04 9.25808684e-03
4.40860215e-01 1.19585609e-02 -7.99143129e-04 9.26980767e-03
4.41837732e-01 1.23870307e-02 -9.22708101e-04 9.28334756e-03
4.42815249e-01 1.28817198e-02 -1.06522042e-03 9.29898774e-03
4.43792766e-01 1.34527715e-02 -1.22953239e-03 9.31705254e-03
4.44770283e-01 1.41118528e-02 -1.41890799e-03 9.33791591e-03
4.45747801e-01 1.48723727e-02 -1.63707625e-03 9.36200880e-03
4.46725318e-01 1.57497288e-02 -1.88828970e-03 9.38982767e-03
4.47702835e-01 1.67615849e-02 -2.17738726e-03 9.42194414e-03
4.48680352e-01 1.79281798e-02 -2.50986111e-03 9.45901600e-03
4.49657869e-01 1.92726721e-02 -2.89192633e-03 9.50179970e-03
4.50635386e-01 2.08215189e-02 -3.33059141e-03 9.55116441e-03
4.51612903e-01 2.26048906e-02 -3.83372685e-03 9.60810802e-03
4.52590420e-01 2.46571186e-02 -4.41012798e-03 9.67377494e-03
4.53567937e-01 2.70171730e-02 -5.06956633e-03 9.74947608e-03
4.54545455e-01 2.97291615e-02 -5.82282242e-03 9.83671101e-03
4.55522972e-01 3.28428400e-02 -6.68168987e-03 9.93719238e-03
4.56500489e-01 3.64141155e-02 -7.65893868e-03 1.00528726e-02
4.57478006e-01 4.05055202e-02 -8.76822156e-03 1.01859728e-02
4.58455523e-01 4.51866205e-02 -1.00239044e-02 1.03390135e-02
4.59433040e-01 5.05343215e-02 -1.14407979e-02 1.05148471e-02
4.60410557e-01 5.66330075e-02 -1.30337644e-02 1.07166913e-02
4.61388074e-01 6.35744531e-02 -1.48171718e-02 1.09481619e-02
4.62365591e-01 7.14574177e-02 -1.68041664e-02 1.12133055e-02
4.63343109e-01 8.03868286e-02 -1.90057396e-02 1.15166278e-02
4.64320626e-01 9.04724420e-02 -2.14295713e-02 1.18631181e-02
4.65298143e-01 1.01826869e-01 -2.40786492e-02 1.22582648e-02
4.66275660e-01 1.14562854e-01 -2.69496843e-02 1.27080608e-02
4.67253177e-01 1.28789719e-01 -3.00313821e-02 1.32189932e-02
4.68230694e-01 1.44608907e-01 -3.33026652e-02 1.37980153e-02
4.69208211e-01 1.62108653e-01 -3.67310043e-02 1.44524950e-02
4.70185728e-01 1.81357855e-01 -4.02710602e-02 1.51901365e-02
4.71163245e-01 2.02399386e-01 -4.38638935e-02 1.60188729e-02
4.72140762e-01 2.25243177e-01 -4.74370199e-02 1.69467261e-02
4.73118280e-01 2.49859580e-01 -5.09055812e-02 1.79816364e-02
4.74095797e-01 2.76173627e-01 -5.41748378e-02 1.91312627e-02
4.75073314e-01 3.04060883e-01 -5.71440623e-02 2.04027611e-02
4.76050831e-01 3.33345605e-01 -5.97117334e-02 2.18025492e-02
4.77028348e-01 3.63801787e-01 -6.17817046e-02 2.33360702e-02
4.78005865e-01 3.95157491e-01 -6.32698053e-02 2.50075706e-02
4.78983382e-01 4.27102501e-01 -6.41101617e-02 2.68199066e-02
4.79960899e-01 4.59298972e-01 -6.42604599e-02 2.87743953e-02
4.80938416e-01 4.91394353e-01 -6.37054458e-02 3.08707218e-02
4.81915934e-01 5.23035539e-01 -6.24581632e-02 3.31069107e-02
4.82893451e-01 5.53883029e-01 -6.05587504e-02 3.54793653e-02
4.83870968e-01 5.83623874e-01 -5.80709640e-02 3.79829696e-02
4.84848485e-01 6.11982361e-01 -5.50769178e-02 4.06112468e-02
4.85826002e-01 6.38727698e-01 -5.16707375e-02 4.33565594e-02
4.86803519e-01 6.63678341e-01 -4.79519045e-02 4.62103371e-02
4.87781036e-01 6.86703028e-01 -4.40190031e-02 4.91633160e-02
4.88758553e-01 7.07718848e-01 -3.99644163e-02 5.22057742e-02
4.89736070e-01 7.26686967e-01 -3.58702975e-02 5.53277517e-02
4.90713587e-01 7.43606669e-01 -3.18059255e-02 5.85192449e-02
4.91691105e-01 7.58508431e-01 -2.78263623e-02 6.17703696e-02
4.92668622e-01 7.71446625e-01 -2.39722101e-02 6.50714898e-02
4.93646139e-01 7.82492352e-01 -2.02701977e-02 6.84133120e-02
4.94623656e-01 7.91726725e-01 -1.67343166e-02 7.17869457e-02
4.95601173e-01 7.99234843e-01 -1.33672509e-02 7.51839345e-02
4.96578690e-01 8.05100506e-01 -1.01618956e-02 7.85962602e-02
4.97556207e-01 8.09401703e-01 -7.10281387e-03 8.20163236e-02
4.98533724e-01 8.12206790e-01 -4.16753863e-03 8.54369061e-02
4.99511241e-01 8.13571278e-01 -1.32767369e-03 8.88511152e-02
5.00488759e-01 8.13535112e-01 1.45020921e-03 9.22523162e-02
5.01466276e-01 8.12120360e-01 4.20384814e-03 9.56340520e-02
5.02443793e-01 8.09329211e-01 6.97468650e-03 9.89899536e-02
5.03421310e-01 8.05142266e-01 9.80730561e-03 1.02313642e-01
5.04398827e-01 7.99517114e-01 1.27487925e-02 1.05598625e-01
5.05376344e-01 7.92387246e-01 1.58479198e-02 1.08838184e-01
5.06353861e-01 7.83661452e-01 1.91539966e-02 1.12025262e-01
5.07331378e-01 7.73223892e-01 2.27152337e-02 1.15152349e-01
5.08308895e-01 7.60935122e-01 2.65764618e-02 1.18211368e-01
5.09286413e-01 7.46634447e-01 3.07760563e-02 1.21193576e-01
5.10263930e-01 7.30144031e-01 3.53419650e-02 1.24089473e-01
5.11241447e-01 7.11275217e-01 4.02868288e-02 1.26888737e-01
5.12218964e-01 6.89837521e-01 4.56023344e-02 1.29580201e-01
5.13196481e-01 6.65650605e-01 5.12531626e-02 1.32151873e-01
5.14173998e-01 6.38559320e-01 5.71711785e-02 1.34591021e-01
5.15151515e-01 6.08451497e-01 6.32508229e-02 1.36884339e-01
5.16129032e-01 5.75277598e-01 6.93469375e-02 1.39018190e-01
5.17106549e-01 5.39070682e-01 7.52763766e-02 1.40978958e-01
5.18084066e-01 4.99964447e-01 8.08245988e-02 1.42753472e-01
5.19061584e-01 4.58206599e-01 8.57578875e-02 1.44329515e-01
5.20039101e-01 4.14164665e-01 8.98408913e-02 1.45696370e-01
5.21016618e-01 3.68321819e-01 9.28579405e-02 1.46845371e-01
5.21994135e-01 3.21261362e-01 9.46353729e-02 1.47770405e-01
5.22971652e-01 2.73640214e-01 9.50612980e-02 1.48468312e-01
5.23949169e-01 2.26153625e-01 9.40992144e-02 1.48939137e-01
5.24926686e-01 1.79495031e-01 9.17928205e-02 1.49186202e-01
5.25904203e-01 1.34315962e-01 8.82610515e-02 1.49215987e-01
5.26881720e-01 9.11908619e-02 8.36843584e-02 1.49037835e-01
5.27859238e-01 5.05907216e-02 7.82849202e-02 1.48663505e-01
5.28836755e-01 1.28676980e-02 7.23043813e-02 1.48106642e-01
5.29814272e-01 -2.17489817e-02 6.59826667e-02 1.47382193e-01
5.30791789e-01 -5.31472025e-02 5.95406097e-02 1.46505831e-01
5.31769306e-01 -8.13186782e-02 5.31678996e-02 1.45493439e-01
5.32746823e-01 -1.06341076e-01 4.70166313e-02 1.44360652e-01
5.33724340e-01 -1.28358278e-01 4.11997944e-02 1.43122510e-01
5.34701857e-01 -1.47560997e-01 3.57935074e-02 1.41793192e-01
5.35679374e-01 -1.64169271e-01 3.08416516e-02 1.40385840e-01
5.36656891e-01 -1.78417715e-01 2.63616870e-02 1.38912466e-01
5.37634409e-01 -1.90543836e-01 2.23506998e-02 1.37383916e-01
5.38611926e-01 -2.00779334e-01 1.87910463e-02 1.35809882e-01
5.39589443e-01 -2.09344063e-01 1.56552314e-02 1.34198949e-01
5.40566960e-01 -2.16442213e-01 1.29098795e-02 1.32558667e-01
5.41544477e-01 -2.22260249e-01 1.05188017e-02 1.30895634e-01
5.42521994e-01 -2.26966154e-01 8.44524471e-03 1.29215585e-01
5.43499511e-01 -2.30709619e-01 6.65345389e-03 1.27523482e-01
5.44477028e-01 -2.33622858e-01 5.10968616e-03 1.25823603e-01
5.45454545e-01 -2.35821802e-01 3.78280351e-03 1.24119626e-01
5.46432063e-01 -2.37407509e-01 2.64455915e-03 1.22414699e-01
5.47409580e-01 -2.38467653e-01 1.66966772e-03 1.20711514e-01
5.48387097e-01 -2.39077993e-01 8.35731303e-04 1.19012370e-01
5.49364614e-01 -2.39303792e-01 1.23075124e-04 1.17319220e-01
5.50342131e-01 -2.39201128e-01 -4.85467862e-04 1.15633726e-01
5.51319648e-01 -2.38818087e-01 -1.00479584e-03 1.13957299e-01
5.52297165e-01 -2.38195841e-01 -1.44778179e-03 1.12291133e-01
5.53274682e-01 -2.37369598e-01 -1.82550986e-03 1.10636236e-01
5.54252199e-01 -2.36369440e-01 -2.14749720e-03 1.08993460e-01
5.55229717e-01 -2.35221052e-01 -2.42189717e-03 1.07363523e-01
5.56207234e-01 -2.33946359e-01 -2.65568251e-03 1.05747026e-01
5.57184751e-01 -2.32564072e-01 -2.85480812e-03 1.04144473e-01
5.58162268e-01 -2.31090157e-01 -3.02435435e-03 1.02556285e-01
5.59139785e-01 -2.29538240e-01 -3.16865218e-03 1.00982810e-01
5.60117302e-01 -2.27919956e-01 -3.29139175e-03 9.94243359e-02
5.61094819e-01 -2.26245241e-01 -3.39571620e-03 9.78810983e-02
5.62072336e-01 -2.24522581e-01 -3.48430225e-03 9.63532883e-02
5.63049853e-01 -2.22759236e-01 -3.55942942e-03 9.48410585e-02
5.64027370e-01 -2.20961413e-01 -3.62303913e-03 9.33445292e-02
5.65004888e-01 -2.19134427e-01 -3.67678517e-03 9.18637926e-02
5.65982405e-01 -2.17282832e-01 -3.72207675e-03 9.03989166e-02
5.66959922e-01 -2.15410532e-01 -3.76011509e-03 8.89499486e-02
5.67937439e-01 -2.13520880e-01 -3.79192459e-03 8.75169182e-02
5.68914956e-01 -2.11616755e-01 -3.81837922e-03 8.60998394e-02
5.69892473e-01 -2.09700635e-01 -3.84022510e-03 8.46987130e-02
5.70869990e-01 -2.07774654e-01 -3.85809950e-03 8.33135283e-02
5.71847507e-01 -2.05840651e-01 -3.87254710e-03 8.19442645e-02
5.72825024e-01 -2.03900215e-01 -3.88403373e-03 8.05908919e-02
5.73802542e-01 -2.01954720e-01 -3.89295807e-03 7.92533734e-02
5.74780059e-01 -2.00005355e-01 -3.89966158e-03 7.79316650e-02
5.75757576e-01 -1.98053153e-01 -3.90443689e-03 7.66257169e-02
5.76735093e-01 -1.96099011e-01 -3.90753503e-03 7.53354740e-02
5.77712610e-01 -1.94143709e-01 -3.90917146e-03 7.40608765e-02
5.78690127e-01 -1.92187930e-01 -3.90953129e-03 7.28018606e-02
5.79667644e-01 -1.90232268e-01 -3.90877364e-03 7.15583587e-02
5.80645161e-01 -1.88277247e-01 -3.90703540e-03 7.03302998e-02
5.81622678e-01 -1.86323324e-01 -3.90443445e-03 6.91176100e-02
5.82600196e-01 -1.84370905e-01 -3.90107232e-03 6.79202126e-02
5.83577713e-01 -1.82420346e-01 -3.89703652e-03 6.67380284e-02
5.84555230e-01 -1.80471964e-01 -3.89240251e-03 6.55709761e-02
5.85532747e-01 -1.78526042e-01 -3.88723537e-03 6.44189723e-02
5.86510264e-01 -1.76582830e-01 -3.88159122e-03 6.32819319e-02
5.87487781e-01 -1.74642554e-01 -3.87551848e-03 6.21597682e-02
5.88465298e-01 -1.72705418e-01 -3.86905889e-03 6.10523931e-02
5.89442815e-01 -1.70771605e-01 -3.86224841e-03 5.99597175e-02
5.90420332e-01 -1.68841283e-01 -3.85511800e-03 5.88816514e-02
5.91397849e-01 -1.66914604e-01 -3.84769433e-03 5.78181041e-02
5.92375367e-01 -1.64991709e-01 -3.84000032e-03 5.67689844e-02
5.93352884e-01 -1.63072728e-01 -3.83205573e-03 5.57342008e-02
5.94330401e-01 -1.61157781e-01 -3.82387756e-03 5.47136620e-02
5.95307918e-01 -1.59246982e-01 -3.81548054e-03 5.37072767e-02
5.96285435e-01 -1.57340437e-01 -3.80687746e-03 5.27149539e-02
5.97262952e-01 -1.55438245e-01 -3.79807958e-03 5.17366032e-02
5.98240469e-01 -1.53540502e-01 -3.78909696e-03 5.07721350e-02
5.99217986e-01 -1.51647297e-01 -3.77993875e-03 4.98214599e-02
6.00195503e-01 -1.49758716e-01 -3.77061354e-03 4.88844898e-02
6.01173021e-01 -1.47874841e-01 -3.76112965e-03 4.79611370e-02
6.02150538e-01 -1.45995749e-01 -3.75149537e-03 4.70513144e-02
6.03128055e-01 -1.44121513e-01 -3.74171929e-03 4.61549354e-02
6.04105572e-01 -1.42252202e-01 -3.73181045e-03 4.52719134e-02
6.05083089e-01 -1.40387880e-01 -3.72177864e-03 4.44021615e-02
6.06060606e-01 -1.38528605e-01 -3.71163448e-03 4.35455916e-02
6.07038123e-01 -1.36674432e-01 -3.70138957e-03 4.27021140e-02
6.08015640e-01 -1.34825408e-01 -3.69105648e-03 4.18716360e-02
6.08993157e-01 -1.32981573e-01 -3.68064867e-03 4.10540611e-02
6.09970674e-01 -1.31142961e-01 -3.67018033e-03 4.02492875e-02
6.10948192e-01 -1.29309599e-01 -3.65966597e-03 3.94572066e-02
6.11925709e-01 -1.27481507e-01 -3.64911996e-03 3.86777015e-02
6.12903226e-01 -1.25658697e-01 -3.63855583e-03 3.79106455e-02
6.13880743e-01 -1.23841174e-01 -3.62798544e-03 3.71559008e-02
6.14858260e-01 -1.22028939e-01 -3.61741793e-03 3.64133174e-02
6.15835777e-01 -1.20221989e-01 -3.60685857e-03 3.56827333e-02
6.16813294e-01 -1.18420318e-01 -3.59630753e-03 3.49639742e-02
6.17790811e-01 -1.16623924e-01 -3.58575867e-03 3.42568557e-02
6.18768328e-01 -1.14832808e-01 -3.57519836e-03 3.35611861e-02
6.19745846e-01 -1.13046979e-01 -3.56460464e-03 3.28767705e-02
6.20723363e-01 -1.11266462e-01 -3.55394661e-03 3.22034166e-02
6.21700880e-01 -1.09491297e-01 -3.54318447e-03 3.15409423e-02
6.22678397e-01 -1.07721547e-01 -3.53227008e-03 3.08891828e-02
6.23655914e-01 -1.05957301e-01 -3.52114832e-03 3.02480003e-02
6.24633431e-01 -1.04198678e-01 -3.50975922e-03 2.96172914e-02
6.25610948e-01 -1.02445827e-01 -3.49804083e-03 2.89969946e-02
6.26588465e-01 -1.00698928e-01 -3.48593269e-03 2.83870952e-02
6.27565982e-01 -9.89581915e-02 -3.47337988e-03 2.77876275e-02
6.28543500e-01 -9.72238517e-02 -3.46033706e-03 2.71986721e-02
6.29521017e-01 -9.54961640e-02 -3.44677247e-03 2.66203505e-02
6.30498534e-01 -9.37753954e-02 -3.43267123e-03 2.60528137e-02
6.31476051e-01 -9.20618158e-02 -3.41803781e-03 2.54962279e-02
6.32453568e-01 -9.03556878e-02 -3.40289703e-03 2.49507562e-02
6.33431085e-01 -8.86572564e-02 -3.38729366e-03 2.44165394e-02
6.34408602e-01 -8.69667394e-02 -3.37129021e-03 2.38936763e-02
6.35386119e-01 -8.52843192e-02 -3.35496315e-03 2.33822064e-02
6.36363636e-01 -8.36101373e-02 -3.33839773e-03 2.28820962e-02
6.37341153e-01 -8.19442906e-02 -3.32168173e-03 2.23932315e-02
6.38318671e-01 -8.02868328e-02 -3.30489864e-03 2.19154164e-02
6.39296188e-01 -7.86377775e-02 -3.28812104e-03 2.14483786e-02
6.40273705e-01 -7.69971055e-02 -3.27140447e-03 2.09917831e-02
6.41251222e-01 -7.53647749e-02 -3.25478273e-03 2.05452497e-02
6.42228739e-01 -7.37407327e-02 -3.23826470e-03 2.01083767e-02
6.43206256e-01 -7.21249282e-02 -3.22183323e-03 1.96807644e-02
6.44183773e-01 -7.05173256e-02 -3.20544604e-03 1.92620392e-02
6.45161290e-01 -6.89179162e-02 -3.18903858e-03 1.88518750e-02
6.46138807e-01 -6.73267291e-02 -3.17252848e-03 1.84500095e-02
6.47116325e-01 -6.57438379e-02 -3.15582132e-03 1.80562545e-02
6.48093842e-01 -6.41693661e-02 -3.13881687e-03 1.76704995e-02
6.49071359e-01 -6.26034877e-02 -3.12141559e-03 1.72927090e-02
6.50048876e-01 -6.10464256e-02 -3.10352455e-03 1.69229139e-02
6.51026393e-01 -5.94984470e-02 -3.08506247e-03 1.65611974e-02
6.52003910e-01 -5.79598560e-02 -3.06596355e-03 1.62076796e-02
6.52981427e-01 -5.64309857e-02 -3.04617982e-03 1.58624991e-02
6.53958944e-01 -5.49121881e-02 -3.02568202e-03 1.55257962e-02
6.54936461e-01 -5.34038255e-02 -3.00445910e-03 1.51976976e-02
6.55913978e-01 -5.19062613e-02 -2.98251659e-03 1.48783038e-02
6.56891496e-01 -5.04198519e-02 -2.95987400e-03 1.45676803e-02
6.57869013e-01 -4.89449413e-02 -2.93656173e-03 1.42658529e-02
6.58846530e-01 -4.74818556e-02 -2.91261766e-03 1.39728055e-02
6.59824047e-01 -4.60309008e-02 -2.88808380e-03 1.36884825e-02
6.60801564e-01 -4.45923609e-02 -2.86300322e-03 1.34127924e-02
6.61779081e-01 -4.31664989e-02 -2.83741741e-03 1.31456138e-02
6.62756598e-01 -4.17535574e-02 -2.81136421e-03 1.28868023e-02
6.63734115e-01 -4.03537613e-02 -2.78487633e-03 1.26361971e-02
6.64711632e-01 -3.89673206e-02 -2.75798051e-03 1.23936279e-02
6.65689150e-01 -3.75944335e-02 -2.73069713e-03 1.21589209e-02
6.66666667e-01 -3.62352895e-02 -2.70304034e-03 1.19319033e-02
6.67644184e-01 -3.48900726e-02 -2.67501853e-03 1.17124072e-02
6.68621701e-01 -3.35589641e-02 -2.64663502e-03 1.15002722e-02
6.69599218e-01 -3.22421447e-02 -2.61788897e-03 1.12953469e-02
6.70576735e-01 -3.09397963e-02 -2.58877629e-03 1.10974893e-02
6.71554252e-01 -2.96521037e-02 -2.55929056e-03 1.09065668e-02
6.72531769e-01 -2.83792554e-02 -2.52942396e-03 1.07224555e-02
6.73509286e-01 -2.71214441e-02 -2.49916796e-03 1.05450391e-02
6.74486804e-01 -2.58788666e-02 -2.46851409e-03 1.03742075e-02
6.75464321e-01 -2.46517241e-02 -2.43745440e-03 1.02098559e-02
6.76441838e-01 -2.34402214e-02 -2.40598192e-03 1.00518830e-02
6.77419355e-01 -2.22445668e-02 -2.37409096e-03 9.90018996e-03
6.78396872e-01 -2.10649707e-02 -2.34177726e-03 9.75467949e-03
6.79374389e-01 -1.99016455e-02 -2.30903819e-03 9.61525471e-03
6.80351906e-01 -1.87548045e-02 -2.27587269e-03 9.48181855e-03
6.81329423e-01 -1.76246610e-02 -2.24228132e-03 9.35427315e-03
6.82306940e-01 -1.65114278e-02 -2.20826617e-03 9.23251942e-03
6.83284457e-01 -1.54153161e-02 -2.17383080e-03 9.11645686e-03
6.84261975e-01 -1.43365350e-02 -2.13898011e-03 9.00598335e-03
6.85239492e-01 -1.32752910e-02 -2.10372022e-03 8.90099508e-03
6.86217009e-01 -1.22317871e-02 -2.06805840e-03 8.80138668e-03
6.87194526e-01 -1.12062223e-02 -2.03200295e-03 8.70705122e-03
6.88172043e-01 -1.01987915e-02 -1.99556308e-03 8.61788037e-03
6.89149560e-01 -9.20968439e-03 -1.95874887e-03 8.53376461e-03
6.90127077e-01 -8.23908572e-03 -1.92157115e-03 8.45459339e-03
6.91104594e-01 -7.28717452e-03 -1.88404150e-03 8.38025532e-03
6.92082111e-01 -6.35412383e-03 -1.84617220e-03 8.31063837e-03
6.93059629e-01 -5.44010043e-03 -1.80797616e-03 8.24563010e-03
6.94037146e-01 -4.54526444e-03 -1.76946699e-03 8.18511780e-03
6.95014663e-01 -3.66976902e-03 -1.73065893e-03 8.12898867e-03
6.95992180e-01 -2.81376005e-03 -1.69156688e-03 8.07712997e-03
6.96969697e-01 -1.97737577e-03 -1.65220647e-03 8.02942911e-03
6.97947214e-01 -1.16074645e-03 -1.61259398e-03 7.98577382e-03
6.98924731e-01 -3.63994008e-04 -1.57274647e-03 7.94605217e-03
6.99902248e-01 4.12768340e-04 -1.53268174e-03 7.91015265e-03
7.00879765e-01 1.16943648e-03 -1.49241839e-03 7.87796425e-03
7.01857283e-01 1.90591580e-03 -1.45197579e-03 7.84937643e-03
7.02834800e-01 2.62212159e-03 -1.41137419e-03 7.82427919e-03
7.03812317e-01 3.31797947e-03 -1.37063462e-03 7.80256305e-03
7.04789834e-01 3.99342580e-03 -1.32977901e-03 7.78411910e-03
7.05767351e-01 4.64840810e-03 -1.28883008e-03 7.76883896e-03
7.06744868e-01 5.28288550e-03 -1.24781142e-03 7.75661487e-03
7.07722385e-01 5.89682910e-03 -1.20674743e-03 7.74733962e-03
7.08699902e-01 6.49022245e-03 -1.16566333e-03 7.74090667e-03
7.09677419e-01 7.06306188e-03 -1.12458511e-03 7.73721012e-03
7.10654936e-01 7.61535694e-03 -1.08353952e-03 7.73614480e-03
7.11632454e-01 8.14713074e-03 -1.04255405e-03 7.73760630e-03
7.12609971e-01 8.65842030e-03 -1.00165685e-03 7.74149102e-03
7.13587488e-01 9.14927691e-03 -9.60876755e-04 7.74769629e-03
7.14565005e-01 9.61976646e-03 -9.20243207e-04 7.75612035e-03
7.15542522e-01 1.00699697e-02 -8.79786218e-04 7.76666250e-03
7.16520039e-01 1.04999825e-02 -8.39536333e-04 7.77922310e-03
7.17497556e-01 1.09099161e-02 -7.99524576e-04 7.79370367e-03
7.18475073e-01 1.12998976e-02 -7.59782406e-04 7.81000692e-03
7.19452590e-01 1.16700697e-02 -7.20341658e-04 7.82803682e-03
7.20430108e-01 1.20205912e-02 -6.81234488e-04 7.84769863e-03
7.21407625e-01 1.23516370e-02 -6.42493310e-04 7.86889893e-03
7.22385142e-01 1.26633984e-02 -6.04150725e-04 7.89154565e-03
7.23362659e-01 1.29560829e-02 -5.66239456e-04 7.91554812e-03
7.24340176e-01 1.32299144e-02 -5.28792259e-04 7.94081702e-03
7.25317693e-01 1.34851334e-02 -4.91841847e-04 7.96726445e-03
7.26295210e-01 1.37219966e-02 -4.55420796e-04 7.99480389e-03
7.27272727e-01 1.39407767e-02 -4.19561445e-04 8.02335023e-03
7.28250244e-01 1.41417630e-02 -3.84295799e-04 8.05281972e-03
7.29227761e-01 1.43252603e-02 -3.49655412e-04 8.08312999e-03
7.30205279e-01 1.44915892e-02 -3.15671277e-04 8.11420003e-03
7.31182796e-01 1.46410857e-02 -2.82373700e-04 8.14595016e-03
7.32160313e-01 1.47741008e-02 -2.49792180e-04 8.17830205e-03
7.33137830e-01 1.48910000e-02 -2.17955275e-04 8.21117866e-03
7.34115347e-01 1.49921626e-02 -1.86890472e-04 8.24450431e-03
7.35092864e-01 1.50779817e-02 -1.56624051e-04 8.27820465e-03
7.36070381e-01 1.51488632e-02 -1.27180958e-04 8.31220667e-03
7.37047898e-01 1.52052248e-02 -9.85846715e-05 8.34643881e-03
7.38025415e-01 1.52474960e-02 -7.08570799e-05 8.38083096e-03
7.39002933e-01 1.52761165e-02 -4.40183673e-05 8.41531458e-03
7.39980450e-01 1.52915359e-02 -1.80869072e-05 8.44982278e-03
7.40957967e-01 1.52942123e-02 6.92082992e-06 8.48429047e-03
7.41935484e-01 1.52846117e-02 3.09903544e-05 8.51865446e-03
7.42913001e-01 1.52632068e-02 5.41092184e-05 8.55285364e-03
7.43890518e-01 1.52304760e-02 7.62670597e-05 8.58682909e-03
7.44868035e-01 1.51869024e-02 9.74556271e-05 8.62052427e-03
7.45845552e-01 1.51329728e-02 1.17668787e-04 8.65388511e-03
7.46823069e-01 1.50691762e-02 1.36902514e-04 8.68686021e-03
7.47800587e-01 1.49960034e-02 1.55154860e-04 8.71940089e-03
7.48778104e-01 1.49139455e-02 1.72425913e-04 8.75146131e-03
7.49755621e-01 1.48234932e-02 1.88717741e-04 8.78299856e-03
7.50733138e-01 1.47251356e-02 2.04034318e-04 8.81397271e-03
7.51710655e-01 1.46193592e-02 2.18381445e-04 8.84434683e-03
7.52688172e-01 1.45066475e-02 2.31766664e-04 8.87408701e-03
7.53665689e-01 1.43874793e-02 2.44199157e-04 8.90316234e-03
7.54643206e-01 1.42623290e-02 2.55689649e-04 8.93154494e-03
7.55620723e-01 1.41316648e-02 2.66250301e-04 8.95920983e-03
7.56598240e-01 1.39959486e-02 2.75894603e-04 8.98613494e-03
7.57575758e-01 1.38556354e-02 2.84637268e-04 9.01230104e-03
7.58553275e-01 1.37111723e-02 2.92494118e-04 9.03769159e-03
7.59530792e-01 1.35629984e-02 2.99481985e-04 9.06229274e-03
7.60508309e-01 1.34115440e-02 3.05618602e-04 9.08609312e-03
7.61485826e-01 1.32572305e-02 3.10922505e-04 9.10908381e-03
7.62463343e-01 1.31004696e-02 3.15412937e-04 9.13125812e-03
7.63440860e-01 1.29416635e-02 3.19109760e-04 9.15261153e-03
7.64418377e-01 1.27812040e-02 3.22033373e-04 9.17314146e-03
7.65395894e-01 1.26194728e-02 3.24204637e-04 9.19284715e-03
7.66373412e-01 1.24568410e-02 3.25644815e-04 9.21172948e-03
7.67350929e-01 1.22936689e-02 3.26375512e-04 9.22979077e-03
7.68328446e-01 1.21303060e-02 3.26418631e-04 9.24703466e-03
7.69305963e-01 1.19670908e-02 3.25796343e-04 9.26346589e-03
7.70283480e-01 1.18043505e-02 3.24531056e-04 9.27909011e-03
7.71260997e-01 1.16424012e-02 3.22645407e-04 9.29391380e-03
7.72238514e-01 1.14815475e-02 3.20162249e-04 9.30794402e-03
7.73216031e-01 1.13220825e-02 3.17104661e-04 9.32118836e-03
7.74193548e-01 1.11642879e-02 3.13495951e-04 9.33365477e-03
7.75171065e-01 1.10084334e-02 3.09359671e-04 9.34535146e-03
7.76148583e-01 1.08547771e-02 3.04719639e-04 9.35628684e-03
7.77126100e-01 1.07035649e-02 2.99599957e-04 9.36646946e-03
7.78103617e-01 1.05550308e-02 2.94025029e-04 9.37590795e-03
7.79081134e-01 1.04093963e-02 2.88019587e-04 9.38461103e-03
7.80058651e-01 1.02668705e-02 2.81608702e-04 9.39258748e-03
7.81036168e-01 1.01276500e-02 2.74817801e-04 9.39984620e-03
7.82013685e-01 9.99191845e-03 2.67672668e-04 9.40639621e-03
7.82991202e-01 9.85984657e-03 2.60199449e-04 9.41224674e-03
7.83968719e-01 9.73159189e-03 2.52424641e-04 9.41740727e-03
7.84946237e-01 9.60729861e-03 2.44375076e-04 9.42188761e-03
7.85923754e-01 9.48709743e-03 2.36077891e-04 9.42569799e-03
7.86901271e-01 9.37110539e-03 2.27560498e-04 9.42884915e-03
7.87878788e-01 9.25942576e-03 2.18850530e-04 9.43135243e-03
7.88856305e-01 9.15214795e-03 2.09975791e-04 9.43321983e-03
7.89833822e-01 9.04934739e-03 2.00964189e-04 9.43446416e-03
7.90811339e-01 8.95108558e-03 1.91843660e-04 9.43509906e-03
7.91788856e-01 8.85741002e-03 1.82642085e-04 9.43513910e-03
7.92766373e-01 8.76835427e-03 1.73387200e-04 9.43459989e-03
7.93743891e-01 8.68393811e-03 1.64106496e-04 9.43349805e-03
7.94721408e-01 8.60416761e-03 1.54827118e-04 9.43185135e-03
7.95698925e-01 8.52903536e-03 1.45575751e-04 9.42967868e-03
7.96676442e-01 8.45852074e-03 1.36378513e-04 9.42700013e-03
7.97653959e-01 8.39259022e-03 1.27260834e-04 9.42383691e-03
7.98631476e-01 8.33119774e-03 1.18247345e-04 9.42021145e-03
7.99608993e-01 8.27428511e-03 1.09361755e-04 9.41614729e-03
8.00586510e-01 8.22178256e-03 1.00626742e-04 9.41166907e-03
8.01564027e-01 8.17360921e-03 9.20638402e-05 9.40680248e-03
8.02541544e-01 8.12967374e-03 8.36933290e-05 9.40157416e-03
8.03519062e-01 8.08987500e-03 7.55341373e-05 9.39601164e-03
8.04496579e-01 8.05410270e-03 6.76037479e-05 9.39014318e-03
8.05474096e-01 8.02223822e-03 5.99181142e-05 9.38399769e-03
8.06451613e-01 7.99415532e-03 5.24915874e-05 9.37760455e-03
8.07429130e-01 7.96972099e-03 4.53368545e-05 9.37099350e-03
8.08406647e-01 7.94879632e-03 3.84648907e-05 9.36419441e-03
8.09384164e-01 7.93123731e-03 3.18849249e-05 9.35723716e-03
8.10361681e-01 7.91689581e-03 2.56044203e-05 9.35015144e-03
8.11339198e-01 7.90562038e-03 1.96290706e-05 9.34296655e-03
8.12316716e-01 7.89725715e-03 1.39628112e-05 9.33571122e-03
8.13294233e-01 7.89165075e-03 8.60784709e-06 9.32841343e-03
8.14271750e-01 7.88864510e-03 3.56469518e-06 9.32110024e-03
8.15249267e-01 7.88808431e-03 -1.16775780e-06 9.31379758e-03
8.16226784e-01 7.88981343e-03 -5.59218343e-06 9.30653013e-03
8.17204301e-01 7.89367923e-03 -9.71272671e-06 9.29932118e-03
8.18181818e-01 7.89953090e-03 -1.35349093e-05 9.29219245e-03
8.19159335e-01 7.90722075e-03 -1.70655223e-05 9.28516405e-03
8.20136852e-01 7.91660476e-03 -2.03125108e-05 9.27825434e-03
8.21114370e-01 7.92754318e-03 -2.32848508e-05 9.27147988e-03
8.22091887e-01 7.93990099e-03 -2.59924217e-05 9.26485540e-03
8.23069404e-01 7.95354830e-03 -2.84458757e-05 9.25839377e-03
8.24046921e-01 7.96836076e-03 -3.06565056e-05 9.25210600e-03
8.25024438e-01 7.98421978e-03 -3.26361139e-05 9.24600127e-03
8.26001955e-01 8.00101282e-03 -3.43968836e-05 9.24008696e-03
8.26979472e-01 8.01863347e-03 -3.59512540e-05 9.23436873e-03
8.27956989e-01 8.03698163e-03 -3.73118017e-05 9.22885063e-03
8.28934506e-01 8.05596350e-03 -3.84911292e-05 9.22353512e-03
8.29912023e-01 8.07549157e-03 -3.95017609e-05 9.21842324e-03
8.30889541e-01 8.09548456e-03 -4.03560495e-05 9.21351473e-03
8.31867058e-01 8.11586733e-03 -4.10660913e-05 9.20880813e-03
8.32844575e-01 8.13657071e-03 -4.16436522e-05 9.20430093e-03
8.33822092e-01 8.15753133e-03 -4.21001055e-05 9.19998968e-03
8.34799609e-01 8.17869138e-03 -4.24463791e-05 9.19587017e-03
8.35777126e-01 8.19999844e-03 -4.26929146e-05 9.19193753e-03
8.36754643e-01 8.22140516e-03 -4.28496366e-05 9.18818637e-03
8.37732160e-01 8.24286901e-03 -4.29259319e-05 9.18461091e-03
8.38709677e-01 8.26435206e-03 -4.29306389e-05 9.18120508e-03
8.39687195e-01 8.28582062e-03 -4.28720447e-05 9.17796265e-03
8.40664712e-01 8.30724505e-03 -4.27578915e-05 9.17487732e-03
8.41642229e-01 8.32859940e-03 -4.25953890e-05 9.17194277e-03
8.42619746e-01 8.34986124e-03 -4.23912331e-05 9.16915281e-03
8.43597263e-01 8.37101134e-03 -4.21516302e-05 9.16650137e-03
8.44574780e-01 8.39203347e-03 -4.18823245e-05 9.16398259e-03
8.45552297e-01 8.41291413e-03 -4.15886283e-05 9.16159084e-03
8.46529814e-01 8.43364241e-03 -4.12754545e-05 9.15932073e-03
8.47507331e-01 8.45420975e-03 -4.09473478e-05 9.15716715e-03
8.48484848e-01 8.47460976e-03 -4.06085166e-05 9.15512522e-03
8.49462366e-01 8.49483810e-03 -4.02628619e-05 9.15319031e-03
8.50439883e-01 8.51489229e-03 -3.99140021e-05 9.15135795e-03
8.51417400e-01 8.53477160e-03 -3.95652940e-05 9.14962385e-03
8.52394917e-01 8.55447692e-03 -3.92198471e-05 9.14798376e-03
8.53372434e-01 8.57401061e-03 -3.88805308e-05 9.14643346e-03
8.54349951e-01 8.59337644e-03 -3.85499726e-05 9.14496860e-03
8.55327468e-01 8.61257941e-03 -3.82305471e-05 9.14358467e-03
8.56304985e-01 8.63162566e-03 -3.79243539e-05 9.14227684e-03
8.57282502e-01 8.65052230e-03 -3.76331843e-05 9.14103987e-03
8.58260020e-01 8.66927723e-03 -3.73584759e-05 9.13986796e-03
8.59237537e-01 8.68789902e-03 -3.71012553e-05 9.13875469e-03
8.60215054e-01 8.70639661e-03 -3.68620685e-05 9.13769285e-03
8.61192571e-01 8.72477910e-03 -3.66409019e-05 9.13667440e-03
8.62170088e-01 8.74305541e-03 -3.64370935e-05 9.13569038e-03
8.63147605e-01 8.76123399e-03 -3.62492393e-05 9.13473090e-03
8.64125122e-01 8.77932236e-03 -3.60750974e-05 9.13378516e-03
8.65102639e-01 8.79732671e-03 -3.59114962e-05 9.13284155e-03
8.66080156e-01 8.81525140e-03 -3.57542532e-05 9.13188778e-03
8.67057674e-01 8.83309843e-03 -3.55981124e-05 9.13091122e-03
8.68035191e-01 8.85086690e-03 -3.54367096e-05 9.12989917e-03
8.69012708e-01 8.86855245e-03 -3.52625760e-05 9.12883942e-03
8.69990225e-01 8.88614671e-03 -3.50671917e-05 9.12772078e-03
8.70967742e-01 8.90363678e-03 -3.48410988e-05 9.12653377e-03
8.71945259e-01 8.92100483e-03 -3.45740845e-05 9.12527144e-03
8.72922776e-01 8.93822775e-03 -3.42554419e-05 9.12393019e-03
8.73900293e-01 8.95527700e-03 -3.38743127e-05 9.12251061e-03
8.74877810e-01 8.97211861e-03 -3.34201123e-05 9.12101832e-03
8.75855327e-01 8.98871344e-03 -3.28830297e-05 9.11946469e-03
8.76832845e-01 9.00501771e-03 -3.22545913e-05 9.11786734e-03
8.77810362e-01 9.02098379e-03 -3.15282668e-05 9.11625046e-03
8.78787879e-01 9.03656137e-03 -3.07000881e-05 9.11464467e-03
8.79765396e-01 9.05169888e-03 -2.97692477e-05 9.11308660e-03
8.80742913e-01 9.06634517e-03 -2.87386324e-05 9.11161787e-03
8.81720430e-01 9.08045155e-03 -2.76152484e-05 9.11028371e-03
8.82697947e-01 9.09397390e-03 -2.64104906e-05 9.10913100e-03
8.83675464e-01 9.10687494e-03 -2.51402140e-05 9.10820596e-03
8.84652981e-01 9.11912640e-03 -2.38245691e-05 9.10755149e-03
8.85630499e-01 9.13071115e-03 -2.24875792e-05 9.10720432e-03
8.86608016e-01 9.14162496e-03 -2.11564483e-05 9.10719223e-03
8.87585533e-01 9.15187793e-03 -1.98606102e-05 9.10753139e-03
8.88563050e-01 9.16149528e-03 -1.86305477e-05 9.10822421e-03
8.89540567e-01 9.17051758e-03 -1.74964329e-05 9.10925781e-03
8.90518084e-01 9.17900026e-03 -1.64866563e-05 9.11060329e-03
8.91495601e-01 9.18701229e-03 -1.56263307e-05 9.11221599e-03
8.92473118e-01 9.19463422e-03 -1.49358622e-05 9.11403676e-03
8.93450635e-01 9.20195545e-03 -1.44296851e-05 9.11599426e-03
8.94428152e-01 9.20907096e-03 -1.41152535e-05 9.11800810e-03
8.95405670e-01 9.21607760e-03 -1.39923682e-05 9.11999285e-03
8.96383187e-01 9.22307016e-03 -1.40528971e-05 9.12186245e-03
8.97360704e-01 9.23013736e-03 -1.42809245e-05 9.12353486e-03
8.98338221e-01 9.23735806e-03 -1.46533327e-05 9.12493656e-03
8.99315738e-01 9.24479785e-03 -1.51407897e-05 9.12600669e-03
9.00293255e-01 9.25250625e-03 -1.57090878e-05 9.12670033e-03
9.01270772e-01 9.26051461e-03 -1.63207540e-05 9.12699097e-03
9.02248289e-01 9.26883497e-03 -1.69368306e-05 9.12687170e-03
9.03225806e-01 9.27745972e-03 -1.75187193e-05 9.12635533e-03
9.04203324e-01 9.28636225e-03 -1.80299727e-05 9.12547324e-03
9.05180841e-01 9.29549850e-03 -1.84379303e-05 9.12427324e-03
9.06158358e-01 9.30480919e-03 -1.87151041e-05 9.12281644e-03
9.07135875e-01 9.31422275e-03 -1.88402435e-05 9.12117361e-03
9.08113392e-01 9.32365864e-03 -1.87990321e-05 9.11942104e-03
9.09090909e-01 9.33303096e-03 -1.85843953e-05 9.11763643e-03
9.10068426e-01 9.34225211e-03 -1.81964259e-05 9.11589489e-03
9.11045943e-01 9.35123628e-03 -1.76419567e-05 9.11426544e-03
9.12023460e-01 9.35990269e-03 -1.69338308e-05 9.11280802e-03
9.13000978e-01 9.36817838e-03 -1.60899348e-05 9.11157139e-03
9.13978495e-01 9.37600048e-03 -1.51320680e-05 9.11059167e-03
9.14956012e-01 9.38331784e-03 -1.40847243e-05 9.10989182e-03
9.15933529e-01 9.39009209e-03 -1.29738603e-05 9.10948180e-03
9.16911046e-01 9.39629804e-03 -1.18257167e-05 9.10935940e-03
9.17888563e-01 9.40192358e-03 -1.06657478e-05 9.10951162e-03
9.18866080e-01 9.40696900e-03 -9.51770108e-06 9.10991640e-03
9.19843597e-01 9.41144593e-03 -8.40287664e-06 9.11054459e-03
9.20821114e-01 9.41537598e-03 -7.33957925e-06 9.11136205e-03
9.21798631e-01 9.41878910e-03 -6.34276531e-06 9.11233168e-03
9.22776149e-01 9.42172184e-03 -5.42387522e-06 9.11341530e-03
9.23753666e-01 9.42421562e-03 -4.59083291e-06 9.11457534e-03
9.24731183e-01 9.42631492e-03 -3.84818860e-06 9.11577623e-03
9.25708700e-01 9.42806569e-03 -3.19737672e-06 9.11698552e-03
9.26686217e-01 9.42951386e-03 -2.63705982e-06 9.11817467e-03
9.27663734e-01 9.43070404e-03 -2.16352973e-06 9.11931954e-03
9.28641251e-01 9.43167844e-03 -1.77113934e-06 9.12040063e-03
9.29618768e-01 9.43247604e-03 -1.45274146e-06 9.12140310e-03
9.30596285e-01 9.43313190e-03 -1.20011520e-06 9.12231654e-03
9.31573803e-01 9.43367674e-03 -1.00436441e-06 9.12313467e-03
9.32551320e-01 9.43413675e-03 -8.56276921e-07 9.12385490e-03
9.33528837e-01 9.43453344e-03 -7.46637154e-07 9.12447782e-03
9.34506354e-01 9.43488375e-03 -6.66488368e-07 9.12500668e-03
9.35483871e-01 9.43520025e-03 -6.07343552e-07 9.12544684e-03
9.36461388e-01 9.43549139e-03 -5.61346534e-07 9.12580528e-03
9.37438905e-01 9.43576187e-03 -5.21386598e-07 9.12609012e-03
9.38416422e-01 9.43601303e-03 -4.81171227e-07 9.12631018e-03
9.39393939e-01 9.43624328e-03 -4.35262356e-07 9.12647466e-03
9.40371457e-01 9.43644851e-03 -3.79081893e-07 9.12659280e-03
9.41348974e-01 9.43662255e-03 -3.08892309e-07 9.12667360e-03
9.42326491e-01 9.43675755e-03 -2.21757902e-07 9.12672573e-03
9.43304008e-01 9.43684441e-03 -1.15491897e-07 9.12675729e-03
9.44281525e-01 9.43687310e-03 1.14059440e-08 9.12677575e-03
9.45259042e-01 9.43683300e-03 1.59817131e-07 9.12678793e-03
9.46236559e-01 9.43671320e-03 3.30074240e-07 9.12679995e-03
9.47214076e-01 9.43650277e-03 5.22029838e-07 9.12681723e-03
9.48191593e-01 9.43619092e-03 7.35122287e-07 9.12684456e-03
9.49169110e-01 9.43576728e-03 9.68436687e-07 9.12688610e-03
9.50146628e-01 9.43522201e-03 1.22075970e-06 9.12694548e-03
9.51124145e-01 9.43454593e-03 1.49062744e-06 9.12702587e-03
9.52101662e-01 9.43373065e-03 1.77636579e-06 9.12713001e-03
9.53079179e-01 9.43276869e-03 2.07612319e-06 9.12726034e-03
9.54056696e-01 9.43165352e-03 2.38789561e-06 9.12741904e-03
9.55034213e-01 9.43037963e-03 2.70954412e-06 9.12760809e-03
9.56011730e-01 9.42894265e-03 3.03880530e-06 9.12782941e-03
9.56989247e-01 9.42733934e-03 3.37329505e-06 9.12808482e-03
9.57966764e-01 9.42556771e-03 3.71050620e-06 9.12837618e-03
9.58944282e-01 9.42362702e-03 4.04780062e-06 9.12870541e-03
9.59921799e-01 9.42151793e-03 4.38239648e-06 9.12907451e-03
9.60899316e-01 9.41924249e-03 4.71135132e-06 9.12948564e-03
9.61876833e-01 9.41680428e-03 5.03154170e-06 9.12994110e-03
9.62854350e-01 9.41420849e-03 5.33964024e-06 9.13044338e-03
9.63831867e-01 9.41146203e-03 5.63209084e-06 9.13099514e-03
9.64809384e-01 9.40857364e-03 5.90508309e-06 9.13159924e-03
9.65786901e-01 9.40555406e-03 6.15452670e-06 9.13225866e-03
9.66764418e-01 9.40241611e-03 6.37602736e-06 9.13297652e-03
9.67741935e-01 9.39917492e-03 6.56486489e-06 9.13375605e-03
9.68719453e-01 9.39584804e-03 6.71597547e-06 9.13460044e-03
9.69696970e-01 9.39245566e-03 6.82393924e-06 9.13551287e-03
9.70674487e-01 9.38902077e-03 6.88297528e-06 9.13649632e-03
9.71652004e-01 9.38556932e-03 6.88694597e-06 9.13755349e-03
9.72629521e-01 9.38213046e-03 6.82937316e-06 9.13868663e-03
9.73607038e-01 9.37873661e-03 6.70346874e-06 9.13989738e-03
9.74584555e-01 9.37542371e-03 6.50218289e-06 9.14118651e-03
9.75562072e-01 9.37223125e-03 6.21827324e-06 9.14255373e-03
9.76539589e-01 9.36920240e-03 5.84439911e-06 9.14399735e-03
9.77517107e-01 9.36638400e-03 5.37324486e-06 9.14551397e-03
9.78494624e-01 9.36382653e-03 4.79767736e-06 9.14709809e-03
9.79472141e-01 9.36158398e-03 4.11094270e-06 9.14874169e-03
9.80449658e-01 9.35971358e-03 3.30690755e-06 9.15043374e-03
9.81427175e-01 9.35827546e-03 2.38035113e-06 9.15215964e-03
9.82404692e-01 9.35733207e-03 1.32731356e-06 9.15390070e-03
9.83382209e-01 9.35694749e-03 1.45506370e-07 9.15563345e-03
9.84359726e-01 9.35718649e-03 -1.16520958e-06 9.15732901e-03
9.85337243e-01 9.35811327e-03 -2.60227445e-06 9.15895238e-03
9.86314761e-01 9.35979003e-03 -4.15980530e-06 9.16046181e-03
9.87292278e-01 9.36227511e-03 -5.82789733e-06 9.16180807e-03
9.88269795e-01 9.36562078e-03 -7.59185370e-06 9.16293397e-03
9.89247312e-01 9.36987067e-03 -9.43135219e-06 9.16377384e-03
9.90224829e-01 9.37505674e-03 -1.13195639e-05 9.16425341e-03
9.91202346e-01 9.38119577e-03 -1.32222478e-05 9.16428986e-03
9.92179863e-01 9.38828545e-03 -1.50968568e-05 9.16379241e-03
9.93157380e-01 9.39630000e-03 -1.68917053e-05 9.16266351e-03
9.94134897e-01 9.40518540e-03 -1.85452650e-05 9.16080083e-03
9.95112414e-01 9.41485432e-03 -1.99856789e-05 9.15810024e-03
9.96089932e-01 9.42518085e-03 -2.11306019e-05 9.15446014e-03
9.97067449e-01 9.43599525e-03 -2.18875075e-05 9.14978719e-03
9.98044966e-01 9.44707905e-03 -2.21546180e-05 9.14400383e-03
9.99022483e-01 9.45816069e-03 -2.18226413e-05 9.13705768e-03
1.00000000e+00 9.46891235e-03 -2.07775084e-05 9.12893289e-03
