0.00000000e+00 -6.93874514e+01 8.57628619e-06 2.33871342e-06
9.77517107e-04 -6.93904328e+01 -8.60162008e-06 -4.61912295e-07
1.95503421e-03 -6.93874428e+01 8.62889692e-06 2.34402035e-06
2.93255132e-03 -6.93904415e+01 -8.65454456e-06 -4.67234475e-07
3.91006843e-03 -6.93874342e+01 8.68215704e-06 2.34936188e-06
4.88758553e-03 -6.93904501e+01 -8.70812335e-06 -4.72591461e-07
5.86510264e-03 -6.93874255e+01 8.73607672e-06 2.35473846e-06
6.84261975e-03 -6.93904589e+01 -8.76236690e-06 -4.77983696e-07
7.82013685e-03 -6.93874167e+01 8.79066610e-06 2.36015053e-06
8.79765396e-03 -6.93904677e+01 -8.81728521e-06 -4.83411630e-07
9.77517107e-03 -6.93874079e+01 8.84593577e-06 2.36559856e-06
1.07526882e-02 -6.93904765e+01 -8.87288898e-06 -4.88875722e-07
1.17302053e-02 -6.93873990e+01 8.90189642e-06 2.37108300e-06
1.27077224e-02 -6.93904854e+01 -8.92918898e-06 -4.94376437e-07
1.36852395e-02 -6.93873901e+01 8.95855884e-06 2.37660432e-06
1.46627566e-02 -6.93904944e+01 -8.98619619e-06 -4.99914248e-07
1.56402737e-02 -6.93873811e+01 9.01593435e-06 2.38216300e-06
1.66177908e-02 -6.93905034e+01 -9.04392176e-06 -5.05489637e-07
1.75953079e-02 -6.93873720e+01 9.07403415e-06 2.38775953e-06
1.85728250e-02 -6.93905125e+01 -9.10237721e-06 -5.11103093e-07
1.95503421e-02 -6.93873629e+01 9.13286976e-06 2.39339439e-06
2.05278592e-02 -6.93905216e+01 -9.16157430e-06 -5.16755112e-07
2.15053763e-02 -6.93873537e+01 9.19245292e-06 2.39906809e-06
2.24828935e-02 -6.93905308e+01 -9.22152478e-06 -5.22446199e-07
2.34604106e-02 -6.93873445e+01 9.25279596e-06 2.40478115e-06
2.44379277e-02 -6.93905401e+01 -9.28224092e-06 -5.28176870e-07
2.54154448e-02 -6.93873352e+01 9.31391091e-06 2.41053407e-06
2.63929619e-02 -6.93905494e+01 -9.34373514e-06 -5.33947645e-07
2.73704790e-02 -6.93873259e+01 9.37581044e-06 2.41632738e-06
2.83479961e-02 -6.93905588e+01 -9.40602006e-06 -5.39759057e-07
2.93255132e-02 -6.93873165e+01 9.43850709e-06 2.42216163e-06
3.03030303e-02 -6.93905682e+01 -9.46910885e-06 -5.45611645e-07
3.12805474e-02 -6.93873070e+01 9.50201436e-06 2.42803736e-06
3.22580645e-02 -6.93905777e+01 -9.53301415e-06 -5.51505959e-07
3.32355816e-02 -6.93872975e+01 9.56634554e-06 2.43395512e-06
3.42130987e-02 -6.93905873e+01 -9.59774992e-06 -5.57442559e-07
3.51906158e-02 -6.93872879e+01 9.63151393e-06 2.43991547e-06
3.61681329e-02 -6.93905969e+01 -9.66332989e-06 -5.63422012e-07
3.71456500e-02 -6.93872782e+01 9.69753364e-06 2.44591899e-06
3.81231672e-02 -6.93906066e+01 -9.72976807e-06 -5.69444898e-07
3.91006843e-02 -6.93872685e+01 9.76441892e-06 2.45196627e-06
4.00782014e-02 -6.93906164e+01 -9.79707866e-06 -5.75511804e-07
4.10557185e-02 -6.93872587e+01 9.83218429e-06 2.45805790e-06
4.20332356e-02 -6.93906262e+01 -9.86527654e-06 -5.81623329e-07
4.30107527e-02 -6.93872488e+01 9.90084445e-06 2.46419447e-06
4.39882698e-02 -6.93906362e+01 -9.93437661e-06 -5.87780083e-07
4.49657869e-02 -6.93872388e+01 9.97041460e-06 2.47037662e-06
4.59433040e-02 -6.93906461e+01 -1.00043942e-05 -5.93982686e-07
4.69208211e-02 -6.93872288e+01 1.00409103e-05 2.47660496e-06
4.78983382e-02 -6.93906562e+01 -1.00753448e-05 -6.00231767e-07
4.88758553e-02 -6.93872188e+01 1.01123473e-05 2.48288012e-06
4.98533724e-02 -6.93906663e+01 -1.01472446e-05 -6.06527971e-07
5.08308895e-02 -6.93872086e+01 1.01847417e-05 2.48920277e-06
5.18084066e-02 -6.93906765e+01 -1.02201097e-05 -6.12871950e-07
5.27859238e-02 -6.93871984e+01 1.02581100e-05 2.49557356e-06
5.37634409e-02 -6.93906867e+01 -1.02939569e-05 -6.19264369e-07
5.47409580e-02 -6.93871881e+01 1.03324692e-05 2.50199315e-06
5.57184751e-02 -6.93906971e+01 -1.03688033e-05 -6.25705907e-07
5.66959922e-02 -6.93871777e+01 1.04078364e-05 2.50846224e-06
5.76735093e-02 -6.93907075e+01 -1.04446662e-05 -6.32197252e-07
5.86510264e-02 -6.93871673e+01 1.04842292e-05 2.51498152e-06
5.96285435e-02 -6.93907180e+01 -1.05215635e-05 -6.38739107e-07
6.06060606e-02 -6.93871567e+01 1.05616656e-05 2.52155171e-06
6.15835777e-02 -6.93907286e+01 -1.05995135e-05 -6.45332187e-07
6.25610948e-02 -6.93871461e+01 1.06401642e-05 2.52817351e-06
6.35386119e-02 -6.93907392e+01 -1.06785343e-05 -6.51977220e-07
6.45161290e-02 -6.93871354e+01 1.07197437e-05 2.53484767e-06
6.54936461e-02 -6.93907499e+01 -1.07586454e-05 -6.58674948e-07
6.64711632e-02 -6.93871247e+01 1.08004233e-05 2.54157494e-06
6.74486804e-02 -6.93907607e+01 -1.08398662e-05 -6.65426125e-07
6.84261975e-02 -6.93871138e+01 1.08822227e-05 2.54835608e-06
6.94037146e-02 -6.93907716e+01 -1.09222166e-05 -6.72231523e-07
7.03812317e-02 -6.93871029e+01 1.09651621e-05 2.55519187e-06
7.13587488e-02 -6.93907826e+01 -1.10057168e-05 -6.79091924e-07
7.23362659e-02 -6.93870919e+01 1.10492620e-05 2.56208309e-06
7.33137830e-02 -6.93907936e+01 -1.10903877e-05 -6.86008128e-07
7.42913001e-02 -6.93870808e+01 1.11345435e-05 2.56903056e-06
7.52688172e-02 -6.93908048e+01 -1.11762506e-05 -6.92980947e-07
7.62463343e-02 -6.93870696e+01 1.12210281e-05 2.57603510e-06
7.72238514e-02 -6.93908160e+01 -1.12633274e-05 -7.00011212e-07
7.82013685e-02 -6.93870583e+01 1.13087378e-05 2.58309755e-06
7.91788856e-02 -6.93908273e+01 -1.13516401e-05 -7.07099768e-07
8.01564027e-02 -6.93870470e+01 1.13976955e-05 2.59021876e-06
8.11339198e-02 -6.93908387e+01 -1.14412117e-05 -7.14247475e-07
8.21114370e-02 -6.93870355e+01 1.14879238e-05 2.59739960e-06
8.30889541e-02 -6.93908502e+01 -1.15320656e-05 -7.21455212e-07
8.40664712e-02 -6.93870240e+01 1.15794465e-05 2.60464095e-06
8.50439883e-02 -6.93908618e+01 -1.16242256e-05 -7.28723874e-07
8.60215054e-02 -6.93870124e+01 1.16722879e-05 2.61194373e-06
8.69990225e-02 -6.93908735e+01 -1.17177161e-05 -7.36054374e-07
8.79765396e-02 -6.93870007e+01 1.17664727e-05 2.61930885e-06
8.89540567e-02 -6.93908853e+01 -1.18125622e-05 -7.43447641e-07
8.99315738e-02 -6.93869888e+01 1.18620262e-05 2.62673726e-06
9.09090909e-02 -6.93908971e+01 -1.19087896e-05 -7.50904624e-07
9.18866080e-02 -6.93869769e+01 1.19589741e-05 2.63422991e-06
9.28641251e-02 -6.93909091e+01 -1.20064246e-05 -7.58426291e-07
9.38416422e-02 -6.93869649e+01 1.20573435e-05 2.64178778e-06
9.48191593e-02 -6.93909212e+01 -1.21054936e-05 -7.66013629e-07
9.57966764e-02 -6.93869528e+01 1.21571613e-05 2.64941187e-06
9.67741935e-02 -6.93909333e+01 -1.22060247e-05 -7.73667643e-07
9.77517107e-02 -6.93869406e+01 1.22584554e-05 2.65710320e-06
9.87292278e-02 -6.93909456e+01 -1.23080458e-05 -7.81389361e-07
9.97067449e-02 -6.93869283e+01 1.23612542e-05 2.66486280e-06
1.00684262e-01 -6.93909579e+01 -1.24115860e-05 -7.89179831e-07
1.01661779e-01 -6.93869159e+01 1.24655871e-05 2.67269174e-06
1.02639296e-01 -6.93909704e+01 -1.25166745e-05 -7.97040119e-07
1.03616813e-01 -6.93869033e+01 1.25714842e-05 2.68059108e-06
1.04594330e-01 -6.93909830e+01 -1.26233420e-05 -8.04971318e-07
1.05571848e-01 -6.93868907e+01 1.26789759e-05 2.68856195e-06
1.06549365e-01 -6.93909957e+01 -1.27316195e-05 -8.12974540e-07
1.07526882e-01 -6.93868780e+01 1.27880937e-05 2.69660545e-06
1.08504399e-01 -6.93910085e+01 -1.28415387e-05 -8.21050921e-07
1.09481916e-01 -6.93868651e+01 1.28988702e-05 2.70472275e-06
1.10459433e-01 -6.93910214e+01 -1.29531323e-05 -8.29201620e-07
1.11436950e-01 -6.93868522e+01 1.30113382e-05 2.71291501e-06
1.12414467e-01 -6.93910344e+01 -1.30664338e-05 -8.37427821e-07
1.13391984e-01 -6.93868391e+01 1.31255316e-05 2.72118343e-06
1.14369501e-01 -6.93910475e+01 -1.31814775e-05 -8.45730731e-07
1.15347019e-01 -6.93868259e+01 1.32414851e-05 2.72952922e-06
1.16324536e-01 -6.93910608e+01 -1.32982986e-05 -8.54111586e-07
1.17302053e-01 -6.93868126e+01 1.33592345e-05 2.73795365e-06
1.18279570e-01 -6.93910741e+01 -1.34169332e-05 -8.62571645e-07
1.19257087e-01 -6.93867992e+01 1.34788163e-05 2.74645799e-06
1.20234604e-01 -6.93910876e+01 -1.35374182e-05 -8.71112194e-07
1.21212121e-01 -6.93867856e+01 1.36002678e-05 2.75504353e-06
1.22189638e-01 -6.93911012e+01 -1.36597917e-05 -8.79734549e-07
1.23167155e-01 -6.93867720e+01 1.37236274e-05 2.76371160e-06
1.24144673e-01 -6.93911150e+01 -1.37840926e-05 -8.88440051e-07
1.25122190e-01 -6.93867582e+01 1.38489352e-05 2.77246357e-06
1.26099707e-01 -6.93911288e+01 -1.39103605e-05 -8.97230072e-07
1.27077224e-01 -6.93867442e+01 1.39762313e-05 2.78130082e-06
1.28054741e-01 -6.93911428e+01 -1.40386368e-05 -9.06106015e-07
1.29032258e-01 -6.93867302e+01 1.41055570e-05 2.79022477e-06
1.30009775e-01 -6.93911569e+01 -1.41689635e-05 -9.15069311e-07
1.30987292e-01 -6.93867160e+01 1.42369551e-05 2.79923686e-06
1.31964809e-01 -6.93911712e+01 -1.43013840e-05 -9.24121424e-07
1.32942326e-01 -6.93867017e+01 1.43704696e-05 2.80833859e-06
1.33919844e-01 -6.93911855e+01 -1.44359422e-05 -9.33263851e-07
1.34897361e-01 -6.93866873e+01 1.45061451e-05 2.81753147e-06
1.35874878e-01 -6.93912001e+01 -1.45726839e-05 -9.42498121e-07
1.36852395e-01 -6.93866727e+01 1.46440281e-05 2.82681703e-06
1.37829912e-01 -6.93912147e+01 -1.47116558e-05 -9.51825797e-07
1.38807429e-01 -6.93866580e+01 1.47841656e-05 2.83619688e-06
1.39784946e-01 -6.93912295e+01 -1.48529060e-05 -9.61248479e-07
1.40762463e-01 -6.93866431e+01 1.49266067e-05 2.84567261e-06
1.41739980e-01 -6.93912444e+01 -1.49964835e-05 -9.70767801e-07
1.42717498e-01 -6.93866281e+01 1.50714012e-05 2.85524590e-06
1.43695015e-01 -6.93912595e+01 -1.51424393e-05 -9.80385438e-07
1.44672532e-01 -6.93866130e+01 1.52186005e-05 2.86491843e-06
1.45650049e-01 -6.93912747e+01 -1.52908255e-05 -9.90103098e-07
1.46627566e-01 -6.93865977e+01 1.53682573e-05 2.87469193e-06
1.47605083e-01 -6.93912901e+01 -1.54416953e-05 -9.99922532e-07
1.48582600e-01 -6.93865822e+01 1.55204260e-05 2.88456818e-06
1.49560117e-01 -6.93913056e+01 -1.55951039e-05 -1.00984553e-06
1.50537634e-01 -6.93865666e+01 1.56751623e-05 2.89454899e-06
1.51515152e-01 -6.93913213e+01 -1.57511078e-05 -1.01987393e-06
1.52492669e-01 -6.93865509e+01 1.58325236e-05 2.90463622e-06
1.53470186e-01 -6.93913372e+01 -1.59097650e-05 -1.03000960e-06
1.54447703e-01 -6.93865349e+01 1.59925686e-05 2.91483176e-06
1.55425220e-01 -6.93913532e+01 -1.60711355e-05 -1.04025446e-06
1.56402737e-01 -6.93865189e+01 1.61553583e-05 2.92513756e-06
1.57380254e-01 -6.93913693e+01 -1.62352803e-05 -1.05061048e-06
1.58357771e-01 -6.93865026e+01 1.63209549e-05 2.93555561e-06
1.59335288e-01 -6.93913857e+01 -1.64022630e-05 -1.06107967e-06
1.60312805e-01 -6.93864862e+01 1.64894223e-05 2.94608794e-06
1.61290323e-01 -6.93914021e+01 -1.65721485e-05 -1.07166409e-06
1.62267840e-01 -6.93864696e+01 1.66608267e-05 2.95673666e-06
1.63245357e-01 -6.93914188e+01 -1.67450036e-05 -1.08236585e-06
1.64222874e-01 -6.93864529e+01 1.68352359e-05 2.96750388e-06
1.65200391e-01 -6.93914357e+01 -1.69208973e-05 -1.09318711e-06
1.66177908e-01 -6.93864359e+01 1.70127198e-05 2.97839181e-06
1.67155425e-01 -6.93914527e+01 -1.70999002e-05 -1.10413008e-06
1.68132942e-01 -6.93864188e+01 1.71933504e-05 2.98940268e-06
1.69110459e-01 -6.93914699e+01 -1.72820856e-05 -1.11519705e-06
1.70087977e-01 -6.93864015e+01 1.73772015e-05 3.00053880e-06
1.71065494e-01 -6.93914873e+01 -1.74675284e-05 -1.12639032e-06
1.72043011e-01 -6.93863841e+01 1.75643495e-05 3.01180253e-06
1.73020528e-01 -6.93915048e+01 -1.76563057e-05 -1.13771228e-06
1.73998045e-01 -6.93863664e+01 1.77548730e-05 3.02319626e-06
1.74975562e-01 -6.93915226e+01 -1.78484975e-05 -1.14916538e-06
1.75953079e-01 -6.93863485e+01 1.79488527e-05 3.03472250e-06
1.76930596e-01 -6.93915406e+01 -1.80441858e-05 -1.16075213e-06
1.77908113e-01 -6.93863305e+01 1.81463719e-05 3.04638376e-06
1.78885630e-01 -6.93915587e+01 -1.82434549e-05 -1.17247507e-06
1.79863148e-01 -6.93863122e+01 1.83475166e-05 3.05818266e-06
1.80840665e-01 -6.93915771e+01 -1.84463920e-05 -1.18433686e-06
1.81818182e-01 -6.93862938e+01 1.85523751e-05 3.07012186e-06
1.82795699e-01 -6.93915956e+01 -1.86530869e-05 -1.19634020e-06
1.83773216e-01 -6.93862751e+01 1.87610386e-05 3.08220411e-06
1.84750733e-01 -6.93916144e+01 -1.88636322e-05 -1.20848784e-06
1.85728250e-01 -6.93862562e+01 1.89736010e-05 3.09443221e-06
1.86705767e-01 -6.93916334e+01 -1.90781235e-05 -1.22078264e-06
1.87683284e-01 -6.93862372e+01 1.91901595e-05 3.10680905e-06
1.88660802e-01 -6.93916526e+01 -1.92966585e-05 -1.23322752e-06
1.89638319e-01 -6.93862179e+01 1.94108141e-05 3.11933758e-06
1.90615836e-01 -6.93916720e+01 -1.95193392e-05 -1.24582547e-06
1.91593353e-01 -6.93861983e+01 1.96356676e-05 3.13202085e-06
1.92570870e-01 -6.93916917e+01 -1.97462703e-05 -1.25857956e-06
1.93548387e-01 -6.93861786e+01 1.98648265e-05 3.14486197e-06
1.94525904e-01 -6.93917115e+01 -1.99775598e-05 -1.27149295e-06
1.95503421e-01 -6.93861586e+01 2.00984008e-05 3.15786415e-06
1.96480938e-01 -6.93917316e+01 -2.02133191e-05 -1.28456889e-06
1.97458456e-01 -6.93861384e+01 2.03365036e-05 3.17103067e-06
1.98435973e-01 -6.93917520e+01 -2.04536633e-05 -1.29781070e-06
1.99413490e-01 -6.93861179e+01 2.05792519e-05 3.18436491e-06
2.00391007e-01 -6.93917726e+01 -2.06987113e-05 -1.31122179e-06
2.01368524e-01 -6.93860972e+01 2.08267665e-05 3.19787035e-06
2.02346041e-01 -6.93917934e+01 -2.09485857e-05 -1.32480570e-06
2.03323558e-01 -6.93860762e+01 2.10791723e-05 3.21155055e-06
2.04301075e-01 -6.93918145e+01 -2.12034132e-05 -1.33856603e-06
2.05278592e-01 -6.93860550e+01 2.13365982e-05 3.22540917e-06
2.06256109e-01 -6.93918358e+01 -2.14633248e-05 -1.35250648e-06
2.07233627e-01 -6.93860335e+01 2.15991770e-05 3.23944999e-06
2.08211144e-01 -6.93918575e+01 -2.17284559e-05 -1.36663088e-06
2.09188661e-01 -6.93860118e+01 2.18670466e-05 3.25367688e-06
2.10166178e-01 -6.93918793e+01 -2.19989461e-05 -1.38094316e-06
2.11143695e-01 -6.93859898e+01 2.21403492e-05 3.26809382e-06
2.12121212e-01 -6.93919015e+01 -2.22749400e-05 -1.39544734e-06
2.13098729e-01 -6.93859675e+01 2.24192317e-05 3.28270491e-06
2.14076246e-01 -6.93919239e+01 -2.25565872e-05 -1.41014758e-06
2.15053763e-01 -6.93859449e+01 2.27038464e-05 3.29751437e-06
2.16031281e-01 -6.93919466e+01 -2.28440421e-05 -1.42504816e-06
2.17008798e-01 -6.93859221e+01 2.29943501e-05 3.31252654e-06
2.17986315e-01 -6.93919696e+01 -2.31374649e-05 -1.44015345e-06
2.18963832e-01 -6.93858989e+01 2.32909062e-05 3.32774587e-06
2.19941349e-01 -6.93919929e+01 -2.34370205e-05 -1.45546800e-06
2.20918866e-01 -6.93858755e+01 2.35936827e-05 3.34317698e-06
2.21896383e-01 -6.93920165e+01 -2.37428806e-05 -1.47099646e-06
2.22873900e-01 -6.93858517e+01 2.39028540e-05 3.35882458e-06
2.23851417e-01 -6.93920405e+01 -2.40552223e-05 -1.48674362e-06
2.24828935e-01 -6.93858277e+01 2.42186003e-05 3.37469355e-06
2.25806452e-01 -6.93920647e+01 -2.43742292e-05 -1.50271443e-06
2.26783969e-01 -6.93858033e+01 2.45411088e-05 3.39078891e-06
2.27761486e-01 -6.93920892e+01 -2.47000912e-05 -1.51891397e-06
2.28739003e-01 -6.93857786e+01 2.48705730e-05 3.40711583e-06
2.29716520e-01 -6.93921141e+01 -2.50330053e-05 -1.53534748e-06
2.30694037e-01 -6.93857535e+01 2.52071933e-05 3.42367965e-06
2.31671554e-01 -6.93921393e+01 -2.53731757e-05 -1.55202038e-06
2.32649071e-01 -6.93857281e+01 2.55511776e-05 3.44048585e-06
2.33626588e-01 -6.93921649e+01 -2.57208137e-05 -1.56893823e-06
2.34604106e-01 -6.93857024e+01 2.59027414e-05 3.45754011e-06
2.35581623e-01 -6.93921908e+01 -2.60761385e-05 -1.58610677e-06
2.36559140e-01 -6.93856763e+01 2.62621080e-05 3.47484825e-06
2.37536657e-01 -6.93922171e+01 -2.64393777e-05 -1.60353193e-06
2.38514174e-01 -6.93856499e+01 2.66295092e-05 3.49241631e-06
2.39491691e-01 -6.93922437e+01 -2.68107669e-05 -1.62121982e-06
2.40469208e-01 -6.93856230e+01 2.70051851e-05 3.51025049e-06
2.41446725e-01 -6.93922708e+01 -2.71905510e-05 -1.63917674e-06
2.42424242e-01 -6.93855958e+01 2.73893853e-05 3.52835722e-06
2.43401760e-01 -6.93922982e+01 -2.75789838e-05 -1.65740921e-06
2.44379277e-01 -6.93855682e+01 2.77823688e-05 3.54674311e-06
2.45356794e-01 -6.93923260e+01 -2.79763290e-05 -1.67592394e-06
2.46334311e-01 -6.93855402e+01 2.81844041e-05 3.56541500e-06
2.47311828e-01 -6.93923542e+01 -2.83828605e-05 -1.69472787e-06
2.48289345e-01 -6.93855119e+01 2.85957703e-05 3.58437995e-06
2.49266862e-01 -6.93923828e+01 -2.87988627e-05 -1.71382816e-06
2.50244379e-01 -6.93854830e+01 2.90167581e-05 3.60364525e-06
2.51221896e-01 -6.93924118e+01 -2.92246304e-05 -1.73323221e-06
2.52199413e-01 -6.93854538e+01 2.94476684e-05 3.62321843e-06
2.53176931e-01 -6.93924413e+01 -2.96604714e-05 -1.75294769e-06
2.54154448e-01 -6.93854241e+01 2.98888145e-05 3.64310729e-06
2.55131965e-01 -6.93924712e+01 -3.01067048e-05 -1.77298248e-06
2.56109482e-01 -6.93853940e+01 3.03405221e-05 3.66331987e-06
2.57086999e-01 -6.93925015e+01 -3.05636627e-05 -1.79334478e-06
2.58064516e-01 -6.93853634e+01 3.08031300e-05 3.68386450e-06
2.59042033e-01 -6.93925323e+01 -3.10316904e-05 -1.81404302e-06
2.60019550e-01 -6.93853324e+01 3.12769909e-05 3.70474980e-06
2.60997067e-01 -6.93925636e+01 -3.15111472e-05 -1.83508598e-06
2.61974585e-01 -6.93853009e+01 3.17624717e-05 3.72598467e-06
2.62952102e-01 -6.93925954e+01 -3.20024075e-05 -1.85648269e-06
2.63929619e-01 -6.93852688e+01 3.22599543e-05 3.74757833e-06
2.64907136e-01 -6.93926277e+01 -3.25058606e-05 -1.87824253e-06
2.65884653e-01 -6.93852363e+01 3.27698366e-05 3.76954035e-06
2.66862170e-01 -6.93926605e+01 -3.30219124e-05 -1.90037521e-06
2.67839687e-01 -6.93852033e+01 3.32925330e-05 3.79188060e-06
2.68817204e-01 -6.93926938e+01 -3.35509858e-05 -1.92289076e-06
2.69794721e-01 -6.93851697e+01 3.38284755e-05 3.81460933e-06
2.70772239e-01 -6.93927276e+01 -3.40935214e-05 -1.94579962e-06
2.71749756e-01 -6.93851356e+01 3.43781142e-05 3.83773716e-06
2.72727273e-01 -6.93927620e+01 -3.46499788e-05 -1.96911257e-06
2.73704790e-01 -6.93851009e+01 3.49419190e-05 3.86127509e-06
2.74682307e-01 -6.93927970e+01 -3.52208373e-05 -1.99284079e-06
2.75659824e-01 -6.93850657e+01 3.55203795e-05 3.88523454e-06
2.76637341e-01 -6.93928325e+01 -3.58065970e-05 -2.01699591e-06
2.77614858e-01 -6.93850299e+01 3.61140071e-05 3.90962734e-06
2.78592375e-01 -6.93928686e+01 -3.64077799e-05 -2.04158994e-06
2.79569892e-01 -6.93849934e+01 3.67233353e-05 3.93446576e-06
2.80547410e-01 -6.93929054e+01 -3.70249313e-05 -2.06663540e-06
2.81524927e-01 -6.93849564e+01 3.73489221e-05 3.95976257e-06
2.82502444e-01 -6.93929428e+01 -3.76586202e-05 -2.09214524e-06
2.83479961e-01 -6.93849187e+01 3.79913496e-05 3.98553099e-06
2.84457478e-01 -6.93929808e+01 -3.83094419e-05 -2.11813294e-06
2.85434995e-01 -6.93848804e+01 3.86512264e-05 4.01178478e-06
2.86412512e-01 -6.93930194e+01 -3.89780184e-05 -2.14461248e-06
2.87390029e-01 -6.93848414e+01 3.93291892e-05 4.03853822e-06
2.88367546e-01 -6.93930588e+01 -3.96650002e-05 -2.17159842e-06
2.89345064e-01 -6.93848017e+01 4.00259038e-05 4.06580615e-06
2.90322581e-01 -6.93930988e+01 -4.03710677e-05 -2.19910587e-06
2.91300098e-01 -6.93847613e+01 4.07420669e-05 4.09360403e-06
2.92277615e-01 -6.93931396e+01 -4.10969336e-05 -2.22715056e-06
2.93255132e-01 -6.93847202e+01 4.14784079e-05 4.12194790e-06
2.94232649e-01 -6.93931811e+01 -4.18433435e-05 -2.25574883e-06
2.95210166e-01 -6.93846783e+01 4.22356906e-05 4.15085449e-06
2.96187683e-01 -6.93932233e+01 -4.26110789e-05 -2.28491771e-06
2.97165200e-01 -6.93846357e+01 4.30147156e-05 4.18034119e-06
2.98142717e-01 -6.93932664e+01 -4.34009585e-05 -2.31467494e-06
2.99120235e-01 -6.93845923e+01 4.38163219e-05 4.21042612e-06
3.00097752e-01 -6.93933102e+01 -4.42138411e-05 -2.34503898e-06
3.01075269e-01 -6.93845481e+01 4.46413894e-05 4.24112817e-06
3.02052786e-01 -6.93933549e+01 -4.50506271e-05 -2.37602908e-06
3.03030303e-01 -6.93845030e+01 4.54908412e-05 4.27246700e-06
3.04007820e-01 -6.93934004e+01 -4.59122617e-05 -2.40766528e-06
3.04985337e-01 -6.93844570e+01 4.63656464e-05 4.30446315e-06
3.05962854e-01 -6.93934468e+01 -4.67997370e-05 -2.43996853e-06
3.06940371e-01 -6.93844102e+01 4.72668227e-05 4.33713801e-06
3.07917889e-01 -6.93934941e+01 -4.77140954e-05 -2.47296064e-06
3.08895406e-01 -6.93843625e+01 4.81954393e-05 4.37051393e-06
3.09872923e-01 -6.93935423e+01 -4.86564323e-05 -2.50666441e-06
3.10850440e-01 -6.93843138e+01 4.91526200e-05 4.40461424e-06
3.11827957e-01 -6.93935915e+01 -4.96278995e-05 -2.54110364e-06
3.12805474e-01 -6.93842642e+01 5.01395475e-05 4.43946330e-06
3.13782991e-01 -6.93936416e+01 -5.06297082e-05 -2.57630320e-06
3.14760508e-01 -6.93842135e+01 5.11574655e-05 4.47508659e-06
3.15738025e-01 -6.93936928e+01 -5.16631340e-05 -2.61228910e-06
3.16715543e-01 -6.93841618e+01 5.22076833e-05 4.51151073e-06
3.17693060e-01 -6.93937450e+01 -5.27295198e-05 -2.64908851e-06
3.18670577e-01 -6.93841091e+01 5.32915808e-05 4.54876358e-06
3.19648094e-01 -6.93937984e+01 -5.38302809e-05 -2.68672989e-06
3.20625611e-01 -6.93840552e+01 5.44106119e-05 4.58687431e-06
3.21603128e-01 -6.93938528e+01 -5.49669085e-05 -2.72524303e-06
3.22580645e-01 -6.93840002e+01 5.55663099e-05 4.62587345e-06
3.23558162e-01 -6.93939084e+01 -5.61409767e-05 -2.76465913e-06
3.24535679e-01 -6.93839440e+01 5.67602928e-05 4.66579300e-06
3.25513196e-01 -6.93939652e+01 -5.73541461e-05 -2.80501090e-06
3.26490714e-01 -6.93838867e+01 5.79942683e-05 4.70666650e-06
3.27468231e-01 -6.93940232e+01 -5.86081707e-05 -2.84633261e-06
3.28445748e-01 -6.93838280e+01 5.92700413e-05 4.74852913e-06
3.29423265e-01 -6.93940825e+01 -5.99049038e-05 -2.88866025e-06
3.30400782e-01 -6.93837681e+01 6.05895189e-05 4.79141782e-06
3.31378299e-01 -6.93941431e+01 -6.12463051e-05 -2.93203159e-06
3.32355816e-01 -6.93837068e+01 6.19547183e-05 4.83537135e-06
3.33333333e-01 -6.93942051e+01 -6.26344480e-05 -2.97648629e-06
3.34310850e-01 -6.93836441e+01 6.33677747e-05 4.88043046e-06
3.35288368e-01 -6.93942685e+01 -6.40715274e-05 -3.02206607e-06
3.36265885e-01 -6.93835800e+01 6.48309493e-05 4.92663798e-06
3.37243402e-01 -6.93943334e+01 -6.55598687e-05 -3.06881475e-06
3.38220919e-01 -6.93835144e+01 6.63466382e-05 4.97403899e-06
3.39198436e-01 -6.93943998e+01 -6.71019371e-05 -3.11677851e-06
3.40175953e-01 -6.93834473e+01 6.79173828e-05 5.02268092e-06
3.41153470e-01 -6.93944677e+01 -6.87003477e-05 -3.16600592e-06
3.42130987e-01 -6.93833786e+01 6.95458794e-05 5.07261374e-06
3.43108504e-01 -6.93945373e+01 -7.03578765e-05 -3.21654820e-06
3.44086022e-01 -6.93833082e+01 7.12349923e-05 5.12389013e-06
3.45063539e-01 -6.93946086e+01 -7.20774722e-05 -3.26845934e-06
3.46041056e-01 -6.93832361e+01 7.29877648e-05 5.17656567e-06
3.47018573e-01 -6.93946816e+01 -7.38622708e-05 -3.32179630e-06
3.47996090e-01 -6.93831622e+01 7.48074337e-05 5.23069899e-06
3.48973607e-01 -6.93947564e+01 -7.57156075e-05 -3.37661924e-06
3.49951124e-01 -6.93830864e+01 7.66974443e-05 5.28635205e-06
3.50928641e-01 -6.93948332e+01 -7.76410345e-05 -3.43299174e-06
3.51906158e-01 -6.93830087e+01 7.86614664e-05 5.34359034e-06
3.52883675e-01 -6.93949119e+01 -7.96423359e-05 -3.49098101e-06
3.53861193e-01 -6.93829291e+01 8.07034123e-05 5.40248316e-06
3.54838710e-01 -6.93949926e+01 -8.17235485e-05 -3.55065819e-06
3.55816227e-01 -6.93828473e+01 8.28274559e-05 5.46310386e-06
3.56793744e-01 -6.93950755e+01 -8.38889803e-05 -3.61209863e-06
3.57771261e-01 -6.93827634e+01 8.50380544e-05 5.52553016e-06
3.58748778e-01 -6.93951605e+01 -8.61432338e-05 -3.67538219e-06
3.59726295e-01 -6.93826772e+01 8.73399717e-05 5.58984449e-06
3.60703812e-01 -6.93952479e+01 -8.84912296e-05 -3.74059362e-06
3.61681329e-01 -6.93825886e+01 8.97383038e-05 5.65613435e-06
3.62658847e-01 -6.93953377e+01 -9.09382345e-05 -3.80782288e-06
3.63636364e-01 -6.93824977e+01 9.22385066e-05 5.72449265e-06
3.64613881e-01 -6.93954300e+01 -9.34898895e-05 -3.87716559e-06
3.65591398e-01 -6.93824041e+01 9.48464279e-05 5.79501824e-06
3.66568915e-01 -6.93955249e+01 -9.61522434e-05 -3.94872345e-06
3.67546432e-01 -6.93823079e+01 9.75683406e-05 5.86781626e-06
3.68523949e-01 -6.93956225e+01 -9.89317878e-05 -4.02260476e-06
3.69501466e-01 -6.93822089e+01 1.00410981e-04 5.94299875e-06
3.70478983e-01 -6.93957230e+01 -1.01835497e-04 -4.09892494e-06
3.71456500e-01 -6.93821071e+01 1.03381590e-04 6.02068517e-06
3.72434018e-01 -6.93958264e+01 -1.04870873e-04 -4.17780710e-06
3.73411535e-01 -6.93820021e+01 1.06487958e-04 6.10100302e-06
3.74389052e-01 -6.93959329e+01 -1.08045991e-04 -4.25938275e-06
3.75366569e-01 -6.93818940e+01 1.09738481e-04 6.18408857e-06
3.76344086e-01 -6.93960427e+01 -1.11369553e-04 -4.34379245e-06
3.77321603e-01 -6.93817826e+01 1.13142209e-04 6.27008753e-06
3.78299120e-01 -6.93961559e+01 -1.14850954e-04 -4.43118665e-06
3.79276637e-01 -6.93816677e+01 1.16708916e-04 6.35915600e-06
3.80254154e-01 -6.93962727e+01 -1.18500338e-04 -4.52172655e-06
3.81231672e-01 -6.93815492e+01 1.20449167e-04 6.45146128e-06
3.82209189e-01 -6.93963932e+01 -1.22328679e-04 -4.61558505e-06
3.83186706e-01 -6.93814268e+01 1.24374396e-04 6.54718299e-06
3.84164223e-01 -6.93965176e+01 -1.26347863e-04 -4.71294787e-06
3.85141740e-01 -6.93813004e+01 1.28496994e-04 6.64651413e-06
3.86119257e-01 -6.93966462e+01 -1.30570775e-04 -4.81401473e-06
3.87096774e-01 -6.93811697e+01 1.32830406e-04 6.74966242e-06
3.88074291e-01 -6.93967791e+01 -1.35011408e-04 -4.91900065e-06
3.89051808e-01 -6.93810346e+01 1.37389242e-04 6.85685166e-06
3.90029326e-01 -6.93969165e+01 -1.39684974e-04 -5.02813749e-06
3.91006843e-01 -6.93808949e+01 1.42189397e-04 6.96832334e-06
3.91984360e-01 -6.93970588e+01 -1.44608040e-04 -5.14167557e-06
3.92961877e-01 -6.93807502e+01 1.47248192e-04 7.08433836e-06
3.93939394e-01 -6.93972061e+01 -1.49798666e-04 -5.25988558e-06
3.94916911e-01 -6.93806003e+01 1.52584530e-04 7.20517908e-06
3.95894428e-01 -6.93973588e+01 -1.55276577e-04 -5.38306063e-06
3.96871945e-01 -6.93804450e+01 1.58219068e-04 7.33115149e-06
3.97849462e-01 -6.93975171e+01 -1.61063349e-04 -5.51151859e-06
3.98826979e-01 -6.93802838e+01 1.64174423e-04 7.46258773e-06
3.99804497e-01 -6.93976813e+01 -1.67182617e-04 -5.64560482e-06
4.00782014e-01 -6.93801166e+01 1.70475393e-04 7.59984895e-06
4.01759531e-01 -6.93978519e+01 -1.73660321e-04 -5.78569510e-06
4.02737048e-01 -6.93799428e+01 1.77149216e-04 7.74332845e-06
4.03714565e-01 -6.93980291e+01 -1.80524976e-04 -5.93219903e-06
4.04692082e-01 -6.93797622e+01 1.84225866e-04 7.89345539e-06
4.05669599e-01 -6.93982134e+01 -1.87807988e-04 -6.08556394e-06
4.06647116e-01 -6.93795743e+01 1.91738385e-04 8.05069888e-06
4.07624633e-01 -6.93984053e+01 -1.95544008e-04 -6.24627925e-06
4.08602151e-01 -6.93793787e+01 1.99723270e-04 8.21557269e-06
4.09579668e-01 -6.93986051e+01 -2.03771348e-04 -6.41488149e-06
4.10557185e-01 -6.93791748e+01 2.08220914e-04 8.38864066e-06
4.11534702e-01 -6.93988134e+01 -2.12532449e-04 -6.59196008e-06
4.12512219e-01 -6.93789622e+01 2.17276116e-04 8.57052289e-06
4.13489736e-01 -6.93990308e+01 -2.21874431e-04 -6.77816391e-06
4.14467253e-01 -6.93787402e+01 2.26938667e-04 8.76190286e-06
4.15444770e-01 -6.93992578e+01 -2.31849718e-04 -6.97420898e-06
4.16422287e-01 -6.93785082e+01 2.37264035e-04 8.96353565e-06
4.17399804e-01 -6.93994952e+01 -2.42516778e-04 -7.18088720e-06
4.18377322e-01 -6.93782656e+01 2.48314157e-04 9.17625743e-06
4.19354839e-01 -6.93997437e+01 -2.53940968e-04 -7.39907660e-06
4.20332356e-01 -6.93780115e+01 2.60158361e-04 9.40099658e-06
4.21309873e-01 -6.94000039e+01 -2.66195538e-04 -7.62975326e-06
4.22287390e-01 -6.93777452e+01 2.72874452e-04 9.63878659e-06
4.23264907e-01 -6.94002770e+01 -2.79362792e-04 -7.87400517e-06
4.24242424e-01 -6.93774657e+01 2.86549985e-04 9.89078114e-06
4.25219941e-01 -6.94005636e+01 -2.93535469e-04 -8.13304864e-06
4.26197458e-01 -6.93771720e+01 3.01283758e-04 1.01582720e-05
4.27174976e-01 -6.94008651e+01 -3.08818363e-04 -8.40824743e-06
4.28152493e-01 -6.93768631e+01 3.17187593e-04 1.04427098e-05
4.29130010e-01 -6.94011824e+01 -3.25330248e-04 -8.70113561e-06
4.30107527e-01 -6.93765376e+01 3.34388440e-04 1.07457293e-05
4.31085044e-01 -6.94015170e+01 -3.43206171e-04 -9.01344459e-06
4.32062561e-01 -6.93761942e+01 3.53030899e-04 1.10691788e-05
4.33040078e-01 -6.94018702e+01 -3.62600195e-04 -9.34713550e-06
4.34017595e-01 -6.93758314e+01 3.73280231e-04 1.14151560e-05
4.34995112e-01 -6.94022436e+01 -3.83688688e-04 -9.70443803e-06
4.35972630e-01 -6.93754475e+01 3.95325999e-04 1.17860505e-05
4.36950147e-01 -6.94026392e+01 -4.06674303e-04 -1.00878974e-05
4.37927664e-01 -6.93750407e+01 4.19386464e-04 1.21845962e-05
4.38905181e-01 -6.94030587e+01 -4.31790797e-04 -1.05004312e-05
4.39882698e-01 -6.93746087e+01 4.45713935e-04 1.26139341e-05
4.40860215e-01 -6.94035047e+01 -4.59308917e-04 -1.09453995e-05
4.41837732e-01 -6.93741491e+01 4.74601323e-04 1.30776905e-05
4.42815249e-01 -6.94039795e+01 -4.89543608e-04 -1.14266900e-05
4.43792766e-01 -6.93736594e+01 5.06390191e-04 1.35800719e-05
4.44770283e-01 -6.94044862e+01 -5.22862919e-04 -1.19488246e-05
4.45747801e-01 -6.93731362e+01 5.41480730e-04 1.41259852e-05
4.46725318e-01 -6.94050279e+01 -5.59699040e-04 -1.25170919e-05
4.47702835e-01 -6.93725763e+01 5.80344179e-04 1.47211862e-05
4.48680352e-01 -6.94056085e+01 -6.00562106e-04 -1.31377140e-05
4.49657869e-01 -6.93719754e+01 6.23538401e-04 1.53724685e-05
4.50635386e-01 -6.94062324e+01 -6.46057547e-04 -1.38180577e-05
4.51612903e-01 -6.93713290e+01 6.71727553e-04 1.60879040e-05
4.52590420e-01 -6.94069044e+01 -6.96908072e-04 -1.45669063e-05
4.53567937e-01 -6.93706318e+01 7.25707119e-04 1.68771525e-05
4.54545455e-01 -6.94076305e+01 -7.53981732e-04 -1.53948097e-05
4.55522972e-01 -6.93698774e+01 7.86435994e-04 1.77518643e-05
4.56500489e-01 -6.94084173e+01 -8.18328010e-04 -1.63145428e-05
4.57478006e-01 -6.93690587e+01 8.55077969e-04 1.87262098e-05
4.58455523e-01 -6.94092728e+01 -8.91224646e-04 -1.73417128e-05
4.59433040e-01 -6.93681670e+01 9.33055814e-04 1.98175849e-05
4.60410557e-01 -6.94102063e+01 -9.74238875e-04 -1.84955714e-05
4.61388074e-01 -6.93671923e+01 1.02212241e-03 2.10475621e-05
4.62365591e-01 -6.94112289e+01 -1.06930825e-03 -1.98001202e-05
4.63343109e-01 -6.93661225e+01 1.12445516e-03 2.24431945e-05
4.64320626e-01 -6.94123539e+01 -1.17884822e-03 -2.12856352e-05
4.65298143e-01 -6.93649431e+01 1.24278238e-03 2.40388290e-05
4.66275660e-01 -6.94135973e+01 -1.30589660e-03 -2.29908076e-05
4.67253177e-01 -6.93636365e+01 1.38055412e-03 2.58786765e-05
4.68230694e-01 -6.94149786e+01 -1.45430899e-03 -2.49658052e-05
4.69208211e-01 -6.93621815e+01 1.54217458e-03 2.80205265e-05
4.70185728e-01 -6.94165215e+01 -1.62902501e-03 -2.72767464e-05
4.71163245e-01 -6.93605517e+01 1.73332046e-03 3.05412381e-05
4.72140762e-01 -6.94182557e+01 -1.83643173e-03 -3.00123928e-05
4.73118280e-01 -6.93587144e+01 1.96137732e-03 3.35450637e-05
4.74095797e-01 -6.94202180e+01 -2.08485832e-03 -3.32944358e-05
4.75073314e-01 -6.93566285e+01 2.23603350e-03 3.71766343e-05
4.76050831e-01 -6.94224551e+01 -2.38523809e-03 -3.72937986e-05
4.77028348e-01 -6.93542421e+01 2.57006463e-03 4.16418979e-05
4.78005865e-01 -6.94250264e+01 -2.75195952e-03 -4.22574095e-05
4.78983382e-01 -6.93514888e+01 2.98026836e-03 4.72432004e-05
4.79960899e-01 -6.94280082e+01 -3.20389648e-03 -4.85540331e-05
4.80938416e-01 -6.93482833e+01 3.48805760e-03 5.44407756e-05
4.81915934e-01 -6.94314979e+01 -3.76596001e-03 -5.67566952e-05
4.82893451e-01 -6.93445155e+01 4.11614497e-03 6.39665050e-05
4.83870968e-01 -6.94356161e+01 -4.47724064e-03 -6.78000092e-05
4.84848485e-01 -6.93400361e+01 4.85315983e-03 7.70487163e-05
4.85826002e-01 -6.94404716e+01 -5.47384371e-03 -8.33034092e-05
4.86803519e-01 -6.93345596e+01 5.34224634e-03 9.58946727e-05
4.87781036e-01 -6.94458165e+01 -7.82445122e-03 -1.06300623e-04
4.88758553e-01 -6.93267313e+01 2.07865534e-03 1.24843757e-04
4.89736070e-01 -6.94478961e+01 -2.16131726e-02 -1.43105645e-04
4.90713587e-01 -6.93051076e+01 -3.73850324e-02 1.73562737e-04
4.91691105e-01 -6.94104928e+01 -1.42624829e-01 -2.09016378e-04
4.92668622e-01 -6.91624131e+01 -4.14369720e-01 2.68058180e-04
4.93646139e-01 -6.89959207e+01 -1.27325526e+00 -3.51218581e-04
4.94623656e-01 -6.78885358e+01 -3.93387562e+00 5.04184903e-04
4.95601173e-01 -6.50601233e+01 -1.17844307e+01 -7.90410431e-04
4.96578690e-01 -5.60983482e+01 -3.51764217e+01 1.48398190e-03
4.97556207e-01 -2.98665172e+01 -7.40061155e+01 -3.46973978e-03
4.98533724e-01 1.79439208e+01 -5.34674365e+01 3.07260598e-02
4.99511241e-01 2.36270391e+01 1.14372557e+01 1.17693816e-01
5.00488759e-01 6.50107780e+00 6.27954698e+01 1.77679783e-01
5.01466276e-01 -3.91991075e+01 7.08641575e+01 1.79626459e-01
5.02443793e-01 -6.43976982e+01 3.08622593e+01 1.16144526e-01
5.03421310e-01 -7.00764436e+01 7.85778091e+00 5.14309075e-02
5.04398827e-01 -7.22593178e+01 1.42148762e+00 2.03694661e-02
5.05376344e-01 -7.14986256e+01 -8.62705988e-01 7.29060324e-03
5.06353861e-01 -7.13961904e+01 -9.76053633e-01 3.04405130e-03
5.07331378e-01 -7.05220952e+01 -9.71756260e-01 1.04080973e-03
5.08308895e-01 -7.04239594e+01 -6.48267070e-01 5.28401666e-04
5.09286413e-01 -6.98735114e+01 -5.20520786e-01 1.40293422e-04
5.10263930e-01 -6.99031843e+01 -3.11228689e-01 1.12297855e-04
5.11241447e-01 -6.95621307e+01 -2.47188616e-01 8.92795058e-06
5.12218964e-01 -6.96558749e+01 -1.35303004e-01 3.12047907e-05
5.13196481e-01 -6.94267616e+01 -1.14814537e-01 -5.04708727e-06
5.14173998e-01 -6.95410043e+01 -5.50336341e-02 1.07494345e-05
5.15151515e-01 -6.93717011e+01 -5.42777492e-02 -2.49076337e-06
5.16129032e-01 -6.94867000e+01 -2.02950930e-02 3.29905108e-06
5.17106549e-01 -6.93513961e+01 -2.69001834e-02 1.03583356e-06
5.18084066e-01 -6.94597867e+01 -5.79756076e-03 -4.31941040e-07
5.19061584e-01 -6.93455957e+01 -1.43841585e-02 3.60821534e-06
5.20039101e-01 -6.94453955e+01 -2.43040322e-05 -2.64052690e-06
5.21016618e-01 -6.93455714e+01 -8.49689017e-03 5.31886290e-06
5.21994135e-01 -6.94368945e+01 2.07265857e-03 -4.03517346e-06
5.22971652e-01 -6.93476450e+01 -5.59091993e-03 6.43428930e-06
5.23949169e-01 -6.94313008e+01 2.66382744e-03 -4.93162878e-06
5.24926686e-01 -6.93503102e+01 -4.05234615e-03 7.15324129e-06
5.25904203e-01 -6.94272465e+01 2.66838090e-03 -5.50364785e-06
5.26881720e-01 -6.93529798e+01 -3.16203721e-03 7.60614276e-06
5.27859238e-01 -6.94240829e+01 2.46812615e-03 -5.85744112e-06
5.28836755e-01 -6.93554492e+01 -2.59481662e-03 7.87778036e-06
5.29814272e-01 -6.94214869e+01 2.21659264e-03 -6.06147109e-06
5.30791789e-01 -6.93576668e+01 -2.20003031e-03 8.02417625e-06
5.31769306e-01 -6.94192857e+01 1.97170348e-03 -6.16131302e-06
5.32746823e-01 -6.93596395e+01 -1.90524265e-03 8.08311141e-06
5.33724340e-01 -6.94173796e+01 1.75225839e-03 -6.18802175e-06
5.34701857e-01 -6.93613926e+01 -1.67373897e-03 8.08055697e-06
5.35679374e-01 -6.94157050e+01 1.56171713e-03 -6.16315440e-06
5.36656891e-01 -6.93629551e+01 -1.48559162e-03 8.03466479e-06
5.37634409e-01 -6.94142187e+01 1.39803859e-03 -6.10190643e-06
5.38611926e-01 -6.93643538e+01 -1.32909597e-03 7.95830138e-06
5.39589443e-01 -6.94128890e+01 1.25762611e-03 -6.01512666e-06
5.40566960e-01 -6.93656121e+01 -1.19680727e-03 7.86069437e-06
5.41544477e-01 -6.94116916e+01 1.13681661e-03 -5.91064264e-06
5.42521994e-01 -6.93667494e+01 -1.08364435e-03 7.74852526e-06
5.43499511e-01 -6.94106074e+01 1.03237061e-03 -5.79415023e-06
5.44477028e-01 -6.93677823e+01 -9.85939558e-04 7.62666866e-06
5.45454545e-01 -6.94096210e+01 9.41573444e-04 -5.66982136e-06
5.46432063e-01 -6.93687243e+01 -9.00933896e-04 7.49870081e-06
5.47409580e-01 -6.94087196e+01 8.62198338e-04 -5.54072581e-06
5.48387097e-01 -6.93695870e+01 -8.26489765e-04 7.36725481e-06
5.49364614e-01 -6.94078927e+01 7.92431056e-04 -5.40912827e-06
5.50342131e-01 -6.93703798e+01 -7.60915684e-04 7.23427214e-06
5.51319648e-01 -6.94071314e+01 7.30792963e-04 -5.27670001e-06
5.52297165e-01 -6.93711109e+01 -7.02852169e-04 7.10118287e-06
5.53274682e-01 -6.94064282e+01 6.76074337e-04 -5.14467166e-06
5.54252199e-01 -6.93717873e+01 -6.51193330e-04 6.96903630e-06
5.55229717e-01 -6.94057767e+01 6.27280073e-04 -5.01394449e-06
5.56207234e-01 -6.93724149e+01 -6.05030723e-04 6.83859651e-06
5.57184751e-01 -6.94051714e+01 5.83586619e-04 -4.88517227e-06
5.58162268e-01 -6.93729988e+01 -5.63611879e-04 6.71041294e-06
5.59139785e-01 -6.94046075e+01 5.44308158e-04 -4.75882202e-06
5.60117302e-01 -6.93735434e+01 -5.26308962e-04 6.58487287e-06
5.61094819e-01 -6.94040809e+01 5.08870090e-04 -4.63521939e-06
5.62072336e-01 -6.93740525e+01 -4.92594683e-04 6.46224082e-06
5.63049853e-01 -6.94035881e+01 4.76788177e-04 -4.51458279e-06
5.64027370e-01 -6.93745295e+01 -4.62023533e-04 6.34268823e-06
5.65004888e-01 -6.94031258e+01 4.47652066e-04 -4.39704926e-06
5.65982405e-01 -6.93749774e+01 -4.34217010e-04 6.22631597e-06
5.66959922e-01 -6.94026914e+01 4.21112189e-04 -4.28269411e-06
5.67937439e-01 -6.93753987e+01 -4.08851874e-04 6.11317150e-06
5.68914956e-01 -6.94022824e+01 3.96869287e-04 -4.17154601e-06
5.69892473e-01 -6.93757958e+01 -3.85650746e-04 6.00326205e-06
5.70869990e-01 -6.94018965e+01 3.74665973e-04 -4.06359847e-06
5.71847507e-01 -6.93761706e+01 -3.64374518e-04 5.89656466e-06
5.72825024e-01 -6.94015320e+01 3.54279901e-04 -3.95881875e-06
5.73802542e-01 -6.93765251e+01 -3.44816190e-04 5.79303403e-06
5.74780059e-01 -6.94011870e+01 3.35518194e-04 -3.85715470e-06
5.75757576e-01 -6.93768607e+01 -3.26795837e-04 5.69260844e-06
5.76735093e-01 -6.94008600e+01 3.18212887e-04 -3.75854008e-06
5.77712610e-01 -6.93771791e+01 -3.10156469e-04 5.59521445e-06
5.78690127e-01 -6.94005497e+01 3.02217162e-04 -3.66289862e-06
5.79667644e-01 -6.93774815e+01 -2.94760613e-04 5.50077046e-06
5.80645161e-01 -6.94002548e+01 2.87402233e-04 -3.57014721e-06
5.81622678e-01 -6.93777690e+01 -2.80487477e-04 5.40918948e-06
5.82600196e-01 -6.93999742e+01 2.73654756e-04 -3.48019838e-06
5.83577713e-01 -6.93780428e+01 -2.67230573e-04 5.32038127e-06
5.84555230e-01 -6.93997068e+01 2.60874660e-04 -3.39296212e-06
5.85532747e-01 -6.93783038e+01 -2.54895741e-04 5.23425399e-06
5.86510264e-01 -6.93994518e+01 2.48973324e-04 -3.30834739e-06
5.87487781e-01 -6.93785529e+01 -2.43399469e-04 5.15071542e-06
5.88465298e-01 -6.93992083e+01 2.37872044e-04 -3.22626318e-06
5.89442815e-01 -6.93787909e+01 -2.32667488e-04 5.06967396e-06
5.90420332e-01 -6.93989755e+01 2.27500727e-04 -3.14661940e-06
5.91397849e-01 -6.93790185e+01 -2.22633565e-04 4.99103931e-06
5.92375367e-01 -6.93987528e+01 2.17796787e-04 -3.06932744e-06
5.93352884e-01 -6.93792364e+01 -2.13238487e-04 4.91472302e-06
5.94330401e-01 -6.93985394e+01 2.08704205e-04 -2.99430070e-06
5.95307918e-01 -6.93794452e+01 -2.04429183e-04 4.84063885e-06
5.96285435e-01 -6.93983349e+01 2.00172712e-04 -2.92145486e-06
5.97262952e-01 -6.93796455e+01 -1.96157981e-04 4.76870309e-06
5.98240469e-01 -6.93981386e+01 1.92157100e-04 -2.85070815e-06
5.99217986e-01 -6.93798377e+01 -1.88381958e-04 4.69883468e-06
6.00195503e-01 -6.93979502e+01 1.84616622e-04 -2.78198151e-06
6.01173021e-01 -6.93800224e+01 -1.81062384e-04 4.63095536e-06
6.02150538e-01 -6.93977690e+01 1.77514477e-04 -2.71519861e-06
6.03128055e-01 -6.93802000e+01 -1.74164242e-04 4.56498972e-06
6.04105572e-01 -6.93975948e+01 1.70817353e-04 -2.65028598e-06
6.05083089e-01 -6.93803709e+01 -1.67655807e-04 4.50086521e-06
6.06060606e-01 -6.93974270e+01 1.64495046e-04 -2.58717295e-06
6.07038123e-01 -6.93805355e+01 -1.61508285e-04 4.43851213e-06
6.08015640e-01 -6.93972654e+01 1.58520113e-04 -2.52579164e-06
6.08993157e-01 -6.93806941e+01 -1.55695489e-04 4.37786360e-06
6.09970674e-01 -6.93971097e+01 1.52867576e-04 -2.46607693e-06
6.10948192e-01 -6.93808471e+01 -1.50193566e-04 4.31885547e-06
6.11925709e-01 -6.93969594e+01 1.47514664e-04 -2.40796639e-06
6.12903226e-01 -6.93809947e+01 -1.44980749e-04 4.26142629e-06
6.13880743e-01 -6.93968144e+01 1.42440578e-04 -2.35140017e-06
6.14858260e-01 -6.93811372e+01 -1.40037143e-04 4.20551718e-06
6.15835777e-01 -6.93966742e+01 1.37626294e-04 -2.29632100e-06
6.16813294e-01 -6.93812749e+01 -1.35344533e-04 4.15107181e-06
6.17790811e-01 -6.93965388e+01 1.33054381e-04 -2.24267402e-06
6.18768328e-01 -6.93814080e+01 -1.30886219e-04 4.09803623e-06
6.19745846e-01 -6.93964079e+01 1.28708847e-04 -2.19040673e-06
6.20723363e-01 -6.93815367e+01 -1.26646869e-04 4.04635884e-06
6.21700880e-01 -6.93962812e+01 1.24574997e-04 -2.13946888e-06
6.22678397e-01 -6.93816614e+01 -1.22612381e-04 3.99599027e-06
6.23655914e-01 -6.93961585e+01 1.20639308e-04 -2.08981242e-06
6.24633431e-01 -6.93817821e+01 -1.18769773e-04 3.94688327e-06
6.25610948e-01 -6.93960397e+01 1.16889320e-04 -2.04139134e-06
6.26588465e-01 -6.93818990e+01 -1.15107072e-04 3.89899267e-06
6.27565982e-01 -6.93959245e+01 1.13313537e-04 -1.99416163e-06
6.28543500e-01 -6.93820124e+01 -1.11613226e-04 3.85227523e-06
6.29521017e-01 -6.93958128e+01 1.09901339e-04 -1.94808118e-06
6.30498534e-01 -6.93821224e+01 -1.08278019e-04 3.80668959e-06
6.31476051e-01 -6.93957045e+01 1.06642901e-04 -1.90310971e-06
6.32453568e-01 -6.93822290e+01 -1.05091995e-04 3.76219615e-06
6.33431085e-01 -6.93955994e+01 1.03529128e-04 -1.85920863e-06
6.34408602e-01 -6.93823326e+01 -1.02046392e-04 3.71875704e-06
6.35386119e-01 -6.93954973e+01 1.00551584e-04 -1.81634102e-06
6.36363636e-01 -6.93824332e+01 -9.91330815e-05 3.67633599e-06
6.37341153e-01 -6.93953981e+01 9.77024419e-05 -1.77447155e-06
6.38318671e-01 -6.93825310e+01 -9.63445154e-05 3.63489828e-06
6.39296188e-01 -6.93953017e+01 9.49744259e-05 -1.73356636e-06
6.40273705e-01 -6.93826260e+01 -9.36736758e-05 3.59441067e-06
6.41251222e-01 -6.93952080e+01 9.23607703e-05 -1.69359303e-06
6.42228739e-01 -6.93827184e+01 -9.11140313e-05 3.55484131e-06
6.43206256e-01 -6.93951168e+01 8.98551741e-05 -1.65452050e-06
6.44183773e-01 -6.93828083e+01 -8.86594975e-05 3.51615968e-06
6.45161290e-01 -6.93950281e+01 8.74517647e-05 -1.61631900e-06
6.46138807e-01 -6.93828958e+01 -8.63043999e-05 3.47833656e-06
6.47116325e-01 -6.93949418e+01 8.51450628e-05 -1.57896002e-06
6.48093842e-01 -6.93829810e+01 -8.40434421e-05 3.44134390e-06
6.49071359e-01 -6.93948577e+01 8.29299517e-05 -1.54241619e-06
6.50048876e-01 -6.93830640e+01 -8.18716757e-05 3.40515484e-06
6.51026393e-01 -6.93947758e+01 8.08016484e-05 -1.50666128e-06
6.52003910e-01 -6.93831448e+01 -7.97844729e-05 3.36974360e-06
6.52981427e-01 -6.93946960e+01 7.87556779e-05 -1.47167012e-06
6.53958944e-01 -6.93832236e+01 -7.77775023e-05 3.33508545e-06
6.54936461e-01 -6.93946181e+01 7.67878500e-05 -1.43741856e-06
6.55913978e-01 -6.93833004e+01 -7.58467063e-05 3.30115665e-06
6.56891496e-01 -6.93945423e+01 7.48942380e-05 -1.40388343e-06
6.57869013e-01 -6.93833753e+01 -7.39882802e-05 3.26793443e-06
6.58846530e-01 -6.93944682e+01 7.30711584e-05 -1.37104247e-06
6.59824047e-01 -6.93834485e+01 -7.21986544e-05 3.23539691e-06
6.60801564e-01 -6.93943960e+01 7.13151531e-05 -1.33887430e-06
6.61779081e-01 -6.93835198e+01 -7.04744764e-05 3.20352308e-06
6.62756598e-01 -6.93943255e+01 6.96229740e-05 -1.30735839e-06
6.63734115e-01 -6.93835895e+01 -6.88125955e-05 3.17229274e-06
6.64711632e-01 -6.93942566e+01 6.79915668e-05 -1.27647499e-06
6.65689150e-01 -6.93836575e+01 -6.72100480e-05 3.14168649e-06
6.66666667e-01 -6.93941894e+01 6.64180578e-05 -1.24620515e-06
6.67644184e-01 -6.93837239e+01 -6.56640449e-05 3.11168569e-06
6.68621701e-01 -6.93941237e+01 6.48997413e-05 -1.21653060e-06
6.69599218e-01 -6.93837889e+01 -6.41719586e-05 3.08227238e-06
6.70576735e-01 -6.93940595e+01 6.34340675e-05 -1.18743382e-06
6.71554252e-01 -6.93838523e+01 -6.27313130e-05 3.05342931e-06
6.72531769e-01 -6.93939967e+01 6.20186326e-05 -1.15889791e-06
6.73509286e-01 -6.93839144e+01 -6.13397716e-05 3.02513988e-06
6.74486804e-01 -6.93939354e+01 6.06511681e-05 -1.13090663e-06
6.75464321e-01 -6.93839751e+01 -5.99951299e-05 2.99738810e-06
6.76441838e-01 -6.93938753e+01 5.93295321e-05 -1.10344433e-06
6.77419355e-01 -6.93840344e+01 -5.86953055e-05 2.97015858e-06
6.78396872e-01 -6.93938166e+01 5.80517011e-05 -1.07649594e-06
6.79374389e-01 -6.93840925e+01 -5.74383300e-05 2.94343650e-06
6.80351906e-01 -6.93937592e+01 5.68157621e-05 -1.05004696e-06
6.81329423e-01 -6.93841493e+01 -5.62223422e-05 2.91720757e-06
6.82306940e-01 -6.93937029e+01 5.56199050e-05 -1.02408340e-06
6.83284457e-01 -6.93842050e+01 -5.50455807e-05 2.89145804e-06
6.84261975e-01 -6.93936478e+01 5.44624169e-05 -9.98591780e-07
6.85239492e-01 -6.93842595e+01 -5.39063780e-05 2.86617464e-06
6.86217009e-01 -6.93935939e+01 5.33416749e-05 -9.73559110e-07
6.87194526e-01 -6.93843128e+01 -5.28031540e-05 2.84134458e-06
6.88172043e-01 -6.93935411e+01 5.22561419e-05 -9.48972857e-07
6.89149560e-01 -6.93843651e+01 -5.17344104e-05 2.81695553e-06
6.90127077e-01 -6.93934893e+01 5.12043594e-05 -9.24820931e-07
6.91104594e-01 -6.93844164e+01 -5.06987270e-05 2.79299557e-06
6.92082111e-01 -6.93934386e+01 5.01849441e-05 -9.01091668e-07
6.93059629e-01 -6.93844666e+01 -4.96947555e-05 2.76945323e-06
6.94037146e-01 -6.93933889e+01 4.91965826e-05 -8.77773807e-07
6.95014663e-01 -6.93845158e+01 -4.87212157e-05 2.74631742e-06
6.95992180e-01 -6.93933401e+01 4.82380279e-05 -8.54856478e-07
6.96969697e-01 -6.93845640e+01 -4.77768912e-05 2.72357743e-06
6.97947214e-01 -6.93932923e+01 4.73080944e-05 -8.32329184e-07
6.98924731e-01 -6.93846114e+01 -4.68606261e-05 2.70122292e-06
6.99902248e-01 -6.93932454e+01 4.64056555e-05 -8.10181782e-07
7.00879765e-01 -6.93846578e+01 -4.59713208e-05 2.67924391e-06
7.01857283e-01 -6.93931994e+01 4.55296388e-05 -7.88404476e-07
7.02834800e-01 -6.93847034e+01 -4.51079292e-05 2.65763073e-06
7.03812317e-01 -6.93931543e+01 4.46790244e-05 -7.66987794e-07
7.04789834e-01 -6.93847481e+01 -4.42694554e-05 2.63637406e-06
7.05767351e-01 -6.93931100e+01 4.38528406e-05 -7.45922581e-07
7.06744868e-01 -6.93847919e+01 -4.34549509e-05 2.61546489e-06
7.07722385e-01 -6.93930666e+01 4.30501620e-05 -7.25199984e-07
7.08699902e-01 -6.93848350e+01 -4.26635122e-05 2.59489447e-06
7.09677419e-01 -6.93930239e+01 4.22701063e-05 -7.04811440e-07
7.10654936e-01 -6.93848773e+01 -4.18942773e-05 2.57465438e-06
7.11632454e-01 -6.93929820e+01 4.15118328e-05 -6.84748665e-07
7.12609971e-01 -6.93849188e+01 -4.11464247e-05 2.55473644e-06
7.13587488e-01 -6.93929408e+01 4.07745390e-05 -6.65003640e-07
7.14565005e-01 -6.93849596e+01 -4.04191704e-05 2.53513277e-06
7.15542522e-01 -6.93929003e+01 4.00574591e-05 -6.45568607e-07
7.16520039e-01 -6.93849997e+01 -3.97117660e-05 2.51583570e-06
7.17497556e-01 -6.93928606e+01 3.93598619e-05 -6.26436052e-07
7.18475073e-01 -6.93850391e+01 -3.90234969e-05 2.49683782e-06
7.19452590e-01 -6.93928216e+01 3.86810494e-05 -6.07598698e-07
7.20430108e-01 -6.93850778e+01 -3.83536796e-05 2.47813197e-06
7.21407625e-01 -6.93927832e+01 3.80203543e-05 -5.89049499e-07
7.22385142e-01 -6.93851158e+01 -3.77016622e-05 2.45971120e-06
7.23362659e-01 -6.93927455e+01 3.73771383e-05 -5.70781625e-07
7.24340176e-01 -6.93851532e+01 -3.70668203e-05 2.44156876e-06
7.25317693e-01 -6.93927084e+01 3.67507914e-05 -5.52788459e-07
7.26295210e-01 -6.93851900e+01 -3.64485572e-05 2.42369814e-06
7.27272727e-01 -6.93926719e+01 3.61407300e-05 -5.35063587e-07
7.28250244e-01 -6.93852261e+01 -3.58463013e-05 2.40609300e-06
7.29227761e-01 -6.93926361e+01 3.55463955e-05 -5.17600790e-07
7.30205279e-01 -6.93852617e+01 -3.52595061e-05 2.38874721e-06
7.31182796e-01 -6.93926008e+01 3.49672529e-05 -5.00394037e-07
7.32160313e-01 -6.93852967e+01 -3.46876480e-05 2.37165483e-06
7.33137830e-01 -6.93925661e+01 3.44027896e-05 -4.83437478e-07
7.34115347e-01 -6.93853311e+01 -3.41302253e-05 2.35481007e-06
7.35092864e-01 -6.93925319e+01 3.38525152e-05 -4.66725440e-07
7.36070381e-01 -6.93853650e+01 -3.35867568e-05 2.33820735e-06
7.37047898e-01 -6.93924983e+01 3.33159589e-05 -4.50252414e-07
7.38025415e-01 -6.93853983e+01 -3.30567822e-05 2.32184122e-06
7.39002933e-01 -6.93924653e+01 3.27926693e-05 -4.34013055e-07
7.39980450e-01 -6.93854311e+01 -3.25398592e-05 2.30570641e-06
7.40957967e-01 -6.93924327e+01 3.22822137e-05 -4.18002176e-07
7.41935484e-01 -6.93854634e+01 -3.20355638e-05 2.28979780e-06
7.42913001e-01 -6.93924007e+01 3.17841770e-05 -4.02214738e-07
7.43890518e-01 -6.93854952e+01 -3.15434889e-05 2.27411041e-06
7.44868035e-01 -6.93923691e+01 3.12981604e-05 -3.86645848e-07
7.45845552e-01 -6.93855265e+01 -3.10632438e-05 2.25863942e-06
7.46823069e-01 -6.93923380e+01 3.08237812e-05 -3.71290752e-07
7.47800587e-01 -6.93855574e+01 -3.05944536e-05 2.24338014e-06
7.48778104e-01 -6.93923074e+01 3.03606714e-05 -3.56144834e-07
7.49755621e-01 -6.93855877e+01 -3.01367576e-05 2.22832800e-06
7.50733138e-01 -6.93922773e+01 2.99084787e-05 -3.41203606e-07
7.51710655e-01 -6.93856177e+01 -2.96898090e-05 2.21347857e-06
7.52688172e-01 -6.93922476e+01 2.94668630e-05 -3.26462707e-07
7.53665689e-01 -6.93856471e+01 -2.92532755e-05 2.19882756e-06
7.54643206e-01 -6.93922183e+01 2.90354980e-05 -3.11917895e-07
7.55620723e-01 -6.93856762e+01 -2.88268368e-05 2.18437076e-06
7.56598240e-01 -6.93921894e+01 2.86140697e-05 -2.97565050e-07
7.57575758e-01 -6.93857048e+01 -2.84101850e-05 2.17010410e-06
7.58553275e-01 -6.93921610e+01 2.82022763e-05 -2.83400162e-07
7.59530792e-01 -6.93857330e+01 -2.80030236e-05 2.15602364e-06
7.60508309e-01 -6.93921330e+01 2.77998272e-05 -2.69419330e-07
7.61485826e-01 -6.93857609e+01 -2.76050677e-05 2.14212551e-06
7.62463343e-01 -6.93921054e+01 2.74064429e-05 -2.55618762e-07
7.63440860e-01 -6.93857883e+01 -2.72160427e-05 2.12840597e-06
7.64418377e-01 -6.93920782e+01 2.70218537e-05 -2.41994766e-07
7.65395894e-01 -6.93858153e+01 -2.68356843e-05 2.11486138e-06
7.66373412e-01 -6.93920513e+01 2.66458008e-05 -2.28543749e-07
7.67350929e-01 -6.93858420e+01 -2.64637376e-05 2.10148817e-06
7.68328446e-01 -6.93920248e+01 2.62780340e-05 -2.15262215e-07
7.69305963e-01 -6.93858683e+01 -2.60999577e-05 2.08828290e-06
7.70283480e-01 -6.93919987e+01 2.59183126e-05 -2.02146758e-07
7.71260997e-01 -6.93858942e+01 -2.57441079e-05 2.07524220e-06
7.72238514e-01 -6.93919730e+01 2.55664043e-05 -1.89194065e-07
7.73216031e-01 -6.93859198e+01 -2.53959603e-05 2.06236280e-06
7.74193548e-01 -6.93919476e+01 2.52220858e-05 -1.76400906e-07
7.75171065e-01 -6.93859450e+01 -2.50552950e-05 2.04964151e-06
7.76148583e-01 -6.93919225e+01 2.48851409e-05 -1.63764137e-07
7.77126100e-01 -6.93859699e+01 -2.47219002e-05 2.03707521e-06
7.78103617e-01 -6.93918977e+01 2.45553616e-05 -1.51280695e-07
7.79081134e-01 -6.93859945e+01 -2.43955712e-05 2.02466088e-06
7.80058651e-01 -6.93918733e+01 2.42325468e-05 -1.38947594e-07
7.81036168e-01 -6.93860187e+01 -2.40761109e-05 2.01239557e-06
7.82013685e-01 -6.93918493e+01 2.39165029e-05 -1.26761926e-07
7.82991202e-01 -6.93860426e+01 -2.37633281e-05 2.00027641e-06
7.83968719e-01 -6.93918255e+01 2.36070427e-05 -1.14720856e-07
7.84946237e-01 -6.93860663e+01 -2.34570392e-05 1.98830058e-06
7.85923754e-01 -6.93918020e+01 2.33039853e-05 -1.02821620e-07
7.86901271e-01 -6.93860896e+01 -2.31570667e-05 1.97646536e-06
7.87878788e-01 -6.93917788e+01 2.30071561e-05 -9.10615230e-08
7.88856305e-01 -6.93861126e+01 -2.28632389e-05 1.96476809e-06
7.89833822e-01 -6.93917560e+01 2.27163866e-05 -7.94379371e-08
7.90811339e-01 -6.93861353e+01 -2.25753896e-05 1.95320616e-06
7.91788856e-01 -6.93917334e+01 2.24315137e-05 -6.79482997e-08
7.92766373e-01 -6.93861578e+01 -2.22933589e-05 1.94177704e-06
7.93743891e-01 -6.93917111e+01 2.21523800e-05 -5.65901109e-08
7.94721408e-01 -6.93861799e+01 -2.20169917e-05 1.93047826e-06
7.95698925e-01 -6.93916890e+01 2.18788329e-05 -4.53609318e-08
7.96676442e-01 -6.93862018e+01 -2.17461384e-05 1.91930741e-06
7.97653959e-01 -6.93916673e+01 2.16107254e-05 -3.42583829e-08
7.98631476e-01 -6.93862234e+01 -2.14806536e-05 1.90826213e-06
7.99608993e-01 -6.93916458e+01 2.13479150e-05 -2.32801419e-08
8.00586510e-01 -6.93862448e+01 -2.12203978e-05 1.89734012e-06
8.01564027e-01 -6.93916246e+01 2.10902638e-05 -1.24239424e-08
8.02541544e-01 -6.93862659e+01 -2.09652351e-05 1.88653915e-06
8.03519062e-01 -6.93916036e+01 2.08376386e-05 -1.68757179e-09
8.04496579e-01 -6.93862867e+01 -2.07150342e-05 1.87585702e-06
8.05474096e-01 -6.93915829e+01 2.05899102e-05 8.93112984e-09
8.06451613e-01 -6.93863073e+01 -2.04696682e-05 1.86529160e-06
8.07429130e-01 -6.93915624e+01 2.03469537e-05 1.94342717e-08
8.08406647e-01 -6.93863277e+01 -2.02290142e-05 1.85484080e-06
8.09384164e-01 -6.93915422e+01 2.01086481e-05 2.98239133e-08
8.10361681e-01 -6.93863478e+01 -1.99929530e-05 1.84450259e-06
8.11339198e-01 -6.93915221e+01 1.98748761e-05 4.01020664e-08
8.12316716e-01 -6.93863677e+01 -1.97613694e-05 1.83427496e-06
8.13294233e-01 -6.93915024e+01 1.96455246e-05 5.02706961e-08
8.14271750e-01 -6.93863874e+01 -1.95341513e-05 1.82415599e-06
8.15249267e-01 -6.93914828e+01 1.94204835e-05 6.03317221e-08
8.16226784e-01 -6.93864068e+01 -1.93111908e-05 1.81414376e-06
8.17204301e-01 -6.93914635e+01 1.91996460e-05 7.02870204e-08
8.18181818e-01 -6.93864260e+01 -1.90923830e-05 1.80423642e-06
8.19159335e-01 -6.93914444e+01 1.89829091e-05 8.01384239e-08
8.20136852e-01 -6.93864450e+01 -1.88776260e-05 1.79443216e-06
8.21114370e-01 -6.93914255e+01 1.87701726e-05 8.98877243e-08
8.22091887e-01 -6.93864638e+01 -1.86668213e-05 1.78472921e-06
8.23069404e-01 -6.93914068e+01 1.85613393e-05 9.95366728e-08
8.24046921e-01 -6.93864823e+01 -1.84598733e-05 1.77512582e-06
8.25024438e-01 -6.93913884e+01 1.83563154e-05 1.09086981e-07
8.26001955e-01 -6.93865007e+01 -1.82566892e-05 1.76562031e-06
8.26979472e-01 -6.93913701e+01 1.81550092e-05 1.18540324e-07
8.27956989e-01 -6.93865189e+01 -1.80571792e-05 1.75621102e-06
8.28934506e-01 -6.93913520e+01 1.79573324e-05 1.27898337e-07
8.29912023e-01 -6.93865368e+01 -1.78612557e-05 1.74689633e-06
8.30889541e-01 -6.93913342e+01 1.77631989e-05 1.37162622e-07
8.31867058e-01 -6.93865546e+01 -1.76688343e-05 1.73767465e-06
8.32844575e-01 -6.93913165e+01 1.75725254e-05 1.46334744e-07
8.33822092e-01 -6.93865722e+01 -1.74798328e-05 1.72854444e-06
8.34799609e-01 -6.93912990e+01 1.73852307e-05 1.55416234e-07
8.35777126e-01 -6.93865896e+01 -1.72941712e-05 1.71950417e-06
8.36754643e-01 -6.93912817e+01 1.72012365e-05 1.64408591e-07
8.37732160e-01 -6.93866068e+01 -1.71117720e-05 1.71055236e-06
8.38709677e-01 -6.93912646e+01 1.70204662e-05 1.73313282e-07
8.39687195e-01 -6.93866238e+01 -1.69325603e-05 1.70168757e-06
8.40664712e-01 -6.93912476e+01 1.68428458e-05 1.82131739e-07
8.41642229e-01 -6.93866407e+01 -1.67564627e-05 1.69290836e-06
8.42619746e-01 -6.93912309e+01 1.66683031e-05 1.90865368e-07
8.43597263e-01 -6.93866573e+01 -1.65834084e-05 1.68421336e-06
8.44574780e-01 -6.93912143e+01 1.64967686e-05 1.99515543e-07
8.45552297e-01 -6.93866739e+01 -1.64133281e-05 1.67560119e-06
8.46529814e-01 -6.93911979e+01 1.63281739e-05 2.08083609e-07
8.47507331e-01 -6.93866902e+01 -1.62461551e-05 1.66707054e-06
8.48484848e-01 -6.93911816e+01 1.61624531e-05 2.16570882e-07
8.49462366e-01 -6.93867064e+01 -1.60818242e-05 1.65862008e-06
8.50439883e-01 -6.93911655e+01 1.59995418e-05 2.24978653e-07
8.51417400e-01 -6.93867224e+01 -1.59202722e-05 1.65024855e-06
8.52394917e-01 -6.93911496e+01 1.58393779e-05 2.33308183e-07
8.53372434e-01 -6.93867382e+01 -1.57614371e-05 1.64195470e-06
8.54349951e-01 -6.93911338e+01 1.56819006e-05 2.41560710e-07
8.55327468e-01 -6.93867539e+01 -1.56052594e-05 1.63373729e-06
8.56304985e-01 -6.93911182e+01 1.55270507e-05 2.49737444e-07
8.57282502e-01 -6.93867694e+01 -1.54516808e-05 1.62559514e-06
8.58260020e-01 -6.93911028e+01 1.53747709e-05 2.57839572e-07
8.59237537e-01 -6.93867848e+01 -1.53006448e-05 1.61752706e-06
8.60215054e-01 -6.93910875e+01 1.52250055e-05 2.65868256e-07
8.61192571e-01 -6.93868001e+01 -1.51520960e-05 1.60953190e-06
8.62170088e-01 -6.93910723e+01 1.50777000e-05 2.73824634e-07
8.63147605e-01 -6.93868151e+01 -1.50059811e-05 1.60160853e-06
8.64125122e-01 -6.93910573e+01 1.49328016e-05 2.81709823e-07
8.65102639e-01 -6.93868301e+01 -1.48622478e-05 1.59375586e-06
8.66080156e-01 -6.93910424e+01 1.47902589e-05 2.89524916e-07
8.67057674e-01 -6.93868449e+01 -1.47208454e-05 1.58597279e-06
8.68035191e-01 -6.93910277e+01 1.46500218e-05 2.97270984e-07
8.69012708e-01 -6.93868595e+01 -1.45817245e-05 1.57825827e-06
8.69990225e-01 -6.93910131e+01 1.45120415e-05 3.04949077e-07
8.70967742e-01 -6.93868741e+01 -1.44448369e-05 1.57061124e-06
8.71945259e-01 -6.93909986e+01 1.43762707e-05 3.12560225e-07
8.72922776e-01 -6.93868884e+01 -1.43101359e-05 1.56303070e-06
8.73900293e-01 -6.93909843e+01 1.42426628e-05 3.20105438e-07
8.74877810e-01 -6.93869027e+01 -1.41775760e-05 1.55551565e-06
8.75855327e-01 -6.93909701e+01 1.41111734e-05 3.27585705e-07
8.76832845e-01 -6.93869168e+01 -1.40471121e-05 1.54806509e-06
8.77810362e-01 -6.93909561e+01 1.39817585e-05 3.35001996e-07
8.78787879e-01 -6.93869308e+01 -1.39187017e-05 1.54067807e-06
8.79765396e-01 -6.93909422e+01 1.38543750e-05 3.42355263e-07
8.80742913e-01 -6.93869447e+01 -1.37923023e-05 1.53335365e-06
8.81720430e-01 -6.93909284e+01 1.37289816e-05 3.49646438e-07
8.82697947e-01 -6.93869584e+01 -1.36678731e-05 1.52609090e-06
8.83675464e-01 -6.93909147e+01 1.36055378e-05 3.56876439e-07
8.84652981e-01 -6.93869720e+01 -1.35453737e-05 1.51888892e-06
8.85630499e-01 -6.93909011e+01 1.34840039e-05 3.64046161e-07
8.86608016e-01 -6.93869855e+01 -1.34247653e-05 1.51174681e-06
8.87585533e-01 -6.93908877e+01 1.33643418e-05 3.71156487e-07
8.88563050e-01 -6.93869989e+01 -1.33060099e-05 1.50466370e-06
8.89540567e-01 -6.93908744e+01 1.32465134e-05 3.78208279e-07
8.90518084e-01 -6.93870121e+01 -1.31890704e-05 1.49763873e-06
8.91495601e-01 -6.93908612e+01 1.31304825e-05 3.85202387e-07
8.92473118e-01 -6.93870253e+01 -1.30739105e-05 1.49067107e-06
8.93450635e-01 -6.93908481e+01 1.30162134e-05 3.92139642e-07
8.94428152e-01 -6.93870383e+01 -1.29604952e-05 1.48375988e-06
8.95405670e-01 -6.93908351e+01 1.29036712e-05 3.99020861e-07
8.96383187e-01 -6.93870512e+01 -1.28487901e-05 1.47690437e-06
8.97360704e-01 -6.93908223e+01 1.27928219e-05 4.05846845e-07
8.98338221e-01 -6.93870640e+01 -1.27387616e-05 1.47010372e-06
8.99315738e-01 -6.93908095e+01 1.26836327e-05 4.12618382e-07
9.00293255e-01 -6.93870767e+01 -1.26303770e-05 1.46335718e-06
9.01270772e-01 -6.93907969e+01 1.25760710e-05 4.19336242e-07
9.02248289e-01 -6.93870893e+01 -1.25236044e-05 1.45666395e-06
9.03225806e-01 -6.93907844e+01 1.24701054e-05 4.26001184e-07
9.04203324e-01 -6.93871017e+01 -1.24184127e-05 1.45002331e-06
9.05180841e-01 -6.93907720e+01 1.23657051e-05 4.32613953e-07
9.06158358e-01 -6.93871141e+01 -1.23147718e-05 1.44343450e-06
9.07135875e-01 -6.93907596e+01 1.22628403e-05 4.39175279e-07
9.08113392e-01 -6.93871264e+01 -1.22126514e-05 1.43689681e-06
9.09090909e-01 -6.93907474e+01 1.21614817e-05 4.45685881e-07
9.10068426e-01 -6.93871385e+01 -1.21120231e-05 1.43040952e-06
9.11045943e-01 -6.93907353e+01 1.20616005e-05 4.52146462e-07
9.12023460e-01 -6.93871506e+01 -1.20128585e-05 1.42397193e-06
9.13000978e-01 -6.93907233e+01 1.19631690e-05 4.58557715e-07
9.13978495e-01 -6.93871626e+01 -1.19151303e-05 1.41758335e-06
9.14956012e-01 -6.93907114e+01 1.18661598e-05 4.64920320e-07
9.15933529e-01 -6.93871744e+01 -1.18188111e-05 1.41124312e-06
9.16911046e-01 -6.93906995e+01 1.17705465e-05 4.71234945e-07
9.17888563e-01 -6.93871862e+01 -1.17238749e-05 1.40495057e-06
9.18866080e-01 -6.93906878e+01 1.16763030e-05 4.77502246e-07
9.19843597e-01 -6.93871979e+01 -1.16302959e-05 1.39870504e-06
9.20821114e-01 -6.93906762e+01 1.15834039e-05 4.83722868e-07
9.21798631e-01 -6.93872095e+01 -1.15380493e-05 1.39250590e-06
9.22776149e-01 -6.93906646e+01 1.14918245e-05 4.89897444e-07
9.23753666e-01 -6.93872210e+01 -1.14471102e-05 1.38635252e-06
9.24731183e-01 -6.93906532e+01 1.14015406e-05 4.96026595e-07
9.25708700e-01 -6.93872324e+01 -1.13574550e-05 1.38024429e-06
9.26686217e-01 -6.93906418e+01 1.13125286e-05 5.02110935e-07
9.27663734e-01 -6.93872437e+01 -1.12690602e-05 1.37418059e-06
9.28641251e-01 -6.93906305e+01 1.12247653e-05 5.08151064e-07
9.29618768e-01 -6.93872549e+01 -1.11819029e-05 1.36816083e-06
9.30596285e-01 -6.93906193e+01 1.11382281e-05 5.14147573e-07
9.31573803e-01 -6.93872661e+01 -1.10959609e-05 1.36218442e-06
9.32551320e-01 -6.93906082e+01 1.10528950e-05 5.20101043e-07
9.33528837e-01 -6.93872772e+01 -1.10112123e-05 1.35625079e-06
9.34506354e-01 -6.93905972e+01 1.09687445e-05 5.26012044e-07
9.35483871e-01 -6.93872881e+01 -1.09276359e-05 1.35035937e-06
9.36461388e-01 -6.93905863e+01 1.08857552e-05 5.31881138e-07
9.37438905e-01 -6.93872990e+01 -1.08452108e-05 1.34450961e-06
9.38416422e-01 -6.93905754e+01 1.08039070e-05 5.37708876e-07
9.39393939e-01 -6.93873098e+01 -1.07639163e-05 1.33870095e-06
9.40371457e-01 -6.93905647e+01 1.07231795e-05 5.43495801e-07
9.41348974e-01 -6.93873206e+01 -1.06837328e-05 1.33293286e-06
9.42326491e-01 -6.93905540e+01 1.06435529e-05 5.49242446e-07
9.43304008e-01 -6.93873312e+01 -1.06046408e-05 1.32720480e-06
9.44281525e-01 -6.93905434e+01 1.05650080e-05 5.54949336e-07
9.45259042e-01 -6.93873418e+01 -1.05266214e-05 1.32151627e-06
9.46236559e-01 -6.93905328e+01 1.04875260e-05 5.60616988e-07
9.47214076e-01 -6.93873523e+01 -1.04496555e-05 1.31586674e-06
9.48191593e-01 -6.93905224e+01 1.04110884e-05 5.66245907e-07
9.49169110e-01 -6.93873627e+01 -1.03737253e-05 1.31025571e-06
9.50146628e-01 -6.93905120e+01 1.03356774e-05 5.71836595e-07
9.51124145e-01 -6.93873730e+01 -1.02988127e-05 1.30468269e-06
9.52101662e-01 -6.93905017e+01 1.02612750e-05 5.77389540e-07
9.53079179e-01 -6.93873833e+01 -1.02249005e-05 1.29914718e-06
9.54056696e-01 -6.93904915e+01 1.01878643e-05 5.82905227e-07
9.55034213e-01 -6.93873935e+01 -1.01519714e-05 1.29364872e-06
9.56011730e-01 -6.93904813e+01 1.01154282e-05 5.88384131e-07
9.56989247e-01 -6.93874036e+01 -1.00800088e-05 1.28818683e-06
9.57966764e-01 -6.93904712e+01 1.00439503e-05 5.93826719e-07
9.58944282e-01 -6.93874137e+01 -1.00089964e-05 1.28276104e-06
9.59921799e-01 -6.93904612e+01 9.97341422e-06 5.99233451e-07
9.60899316e-01 -6.93874236e+01 -9.93891814e-06 1.27737089e-06
9.61876833e-01 -6.93904513e+01 9.90380445e-06 6.04604780e-07
9.62854350e-01 -6.93874335e+01 -9.86975836e-06 1.27201595e-06
9.63831867e-01 -6.93904414e+01 9.83510537e-06 6.09941151e-07
9.64809384e-01 -6.93874434e+01 -9.80150175e-06 1.26669576e-06
9.65786901e-01 -6.93904316e+01 9.76730180e-06 6.15243003e-07
9.66764418e-01 -6.93874532e+01 -9.73413340e-06 1.26140989e-06
9.67741935e-01 -6.93904219e+01 9.70037870e-06 6.20510767e-07
9.68719453e-01 -6.93874629e+01 -9.66763869e-06 1.25615791e-06
9.69696970e-01 -6.93904122e+01 9.63432198e-06 6.25744868e-07
9.70674487e-01 -6.93874725e+01 -9.60200272e-06 1.25093941e-06
9.71652004e-01 -6.93904026e+01 9.56911727e-06 6.30945725e-07
9.72629521e-01 -6.93874821e+01 -9.53721202e-06 1.24575396e-06
9.73607038e-01 -6.93903930e+01 9.50475041e-06 6.36113748e-07
9.74584555e-01 -6.93874916e+01 -9.47325252e-06 1.24060115e-06
9.75562072e-01 -6.93903836e+01 9.44120789e-06 6.41249343e-07
9.76539589e-01 -6.93875010e+01 -9.41011092e-06 1.23548059e-06
9.77517107e-01 -6.93903741e+01 9.37847643e-06 6.46352909e-07
9.78494624e-01 -6.93875104e+01 -9.34777363e-06 1.23039188e-06
9.79472141e-01 -6.93903648e+01 9.31654290e-06 6.51424839e-07
9.80449658e-01 -6.93875197e+01 -9.28622799e-06 1.22533463e-06
9.81427175e-01 -6.93903555e+01 9.25539445e-06 6.56465519e-07
9.82404692e-01 -6.93875290e+01 -9.22546127e-06 1.22030845e-06
9.83382209e-01 -6.93903463e+01 9.19501836e-06 6.61475331e-07
9.84359726e-01 -6.93875382e+01 -9.16546105e-06 1.21531296e-06
9.85337243e-01 -6.93903371e+01 9.13540273e-06 6.66454649e-07
9.86314761e-01 -6.93875473e+01 -9.10621490e-06 1.21034780e-06
9.87292278e-01 -6.93903280e+01 9.07653524e-06 6.71403843e-07
9.88269795e-01 -6.93875564e+01 -9.04771122e-06 1.20541260e-06
9.89247312e-01 -6.93903189e+01 9.01840407e-06 6.76323278e-07
9.90224829e-01 -6.93875654e+01 -8.98993814e-06 1.20050699e-06
9.91202346e-01 -6.93903099e+01 8.96099765e-06 6.81213311e-07
9.92179863e-01 -6.93875744e+01 -8.93288431e-06 1.19563061e-06
9.93157380e-01 -6.93903010e+01 8.90430466e-06 6.86074295e-07
9.94134897e-01 -6.93875833e+01 -8.87653833e-06 1.19078313e-06
9.95112414e-01 -6.93902921e+01 8.84831408e-06 6.90906579e-07
9.96089932e-01 -6.93875922e+01 -8.82088932e-06 1.18596419e-06
9.97067449e-01 -6.93902833e+01 8.79301486e-06 6.95710505e-07
9.98044966e-01 -6.93876010e+01 -8.76592661e-06 1.18117345e-06
9.99022483e-01 -6.93902745e+01 8.73839605e-06 7.00486412e-07
1.00000000e+00 -6.93876097e+01 -8.71163954e-06 1.17641058e-06
