  -1.273849847800000E-02   4.601029649800000E-02   3.623776659800000E+00   2.032144636100000E+00   1.143525100300000E+00   1.750000000000000E+00
  -1.269604562900000E-02   4.600082861100000E-02   3.623782047100000E+00   2.032112503100000E+00   1.143524015600000E+00   1.750081404600000E+00
  -1.261116125500000E-02   4.598198912600000E-02   3.623792824500000E+00   2.032048072000000E+00   1.143519191700000E+00   1.750244221500000E+00
  -1.244160046700000E-02   4.594637544800000E-02   3.623819926800000E+00   2.031964426100000E+00   1.143529665800000E+00   1.750569849000000E+00
  -1.218725415000000E-02   4.589133031900000E-02   3.623852092100000E+00   2.031765592800000E+00   1.143559273900000E+00   1.751058482100000E+00
  -1.180625600800000E-02   4.581090467700000E-02   3.623900232000000E+00   2.031463407600000E+00   1.143558043500000E+00   1.751791521900000E+00
  -1.123594118000000E-02   4.570180704400000E-02   3.623977922900000E+00   2.030507691900000E+00   1.143604177500000E+00   1.752891441600000E+00
  -1.028072563800000E-02   4.552051593300000E-02   3.624096807200000E+00   2.029802209000000E+00   1.143646433100000E+00   1.754740066300000E+00
  -9.430885931400000E-03   4.537423985900000E-02   3.624207139900000E+00   2.029157033300000E+00   1.143610017000000E+00   1.756392043700000E+00
  -8.161466787400000E-03   4.518245257900000E-02   3.624374795400000E+00   2.028102543600000E+00   1.143765984800000E+00   1.758872473000000E+00
  -6.200580684400000E-03   4.494440485600000E-02   3.624634883900000E+00   2.026426765700000E+00   1.143875955400000E+00   1.762734450100000E+00
  -4.324773670000000E-03   4.478712300800000E-02   3.624880369200000E+00   2.024669650300000E+00   1.143770945200000E+00   1.766464409000000E+00
  -1.539325352700000E-03   4.468565971200000E-02   3.625250371900000E+00   2.021862971600000E+00   1.144144505900000E+00   1.772069830700000E+00
   2.488612694500000E-03   4.484751620000000E-02   3.625778296400000E+00   2.017937573100000E+00   1.143974539400000E+00   1.780323891300000E+00
   6.425900386900000E-03   4.536917782600000E-02   3.626289256300000E+00   2.013387641700000E+00   1.144633208100000E+00   1.788572161400000E+00
   1.028647336300000E-02   4.624458349100000E-02   3.626803346300000E+00   2.009759071500000E+00   1.144668902500000E+00   1.796845714100000E+00
   1.407161913300000E-02   4.746272516100000E-02   3.627296044400000E+00   2.005869086300000E+00   1.144001853000000E+00   1.805149767400000E+00
   1.777473645900000E-02   4.900327720200000E-02   3.627781015700000E+00   2.001345360200000E+00   1.145076826900000E+00   1.813472778400000E+00
   2.139707349200000E-02   5.084195211400000E-02   3.628242574900000E+00   1.997652236000000E+00   1.145290502200000E+00   1.821820090600000E+00
   2.493765649300000E-02   5.294781366900000E-02   3.628692153000000E+00   1.993125241100000E+00   1.145071345100000E+00   1.830191641300000E+00
   2.839442588800000E-02   5.530582922000000E-02   3.629152099900000E+00   1.988744561800000E+00   1.145968910500000E+00   1.838586681200000E+00
   3.176650878300000E-02   5.788033166800000E-02   3.629618277100000E+00   1.984967738600000E+00   1.145885403100000E+00   1.847004973400000E+00
   3.505239757500000E-02   6.065269994000000E-02   3.630050224900000E+00   1.980804487300000E+00   1.145713931500000E+00   1.855446205100000E+00
   3.825072877600000E-02   6.360082511300000E-02   3.630471012100000E+00   1.976024250600000E+00   1.146260839000000E+00   1.863909932600000E+00
   4.136013511400000E-02   6.670563165000000E-02   3.630880164500000E+00   1.972246233400000E+00   1.146305686700000E+00   1.872395716900000E+00
   4.437931874500000E-02   6.994937758800000E-02   3.631275526900000E+00   1.967635889900000E+00   1.145961195400000E+00   1.880903241900000E+00
   4.730671150000000E-02   7.331889210600000E-02   3.631662513100000E+00   1.963024562100000E+00   1.146678728800000E+00   1.889431590500000E+00
   5.014102314800000E-02   7.680112620700000E-02   3.632020675100000E+00   1.958739701800000E+00   1.146778735700000E+00   1.897980357400000E+00
   5.288198172700000E-02   8.038447629900000E-02   3.632382735200000E+00   1.953895555400000E+00   1.146430947900000E+00   1.906552309700000E+00
   5.552617960100000E-02   8.405723294299999E-02   3.632733024900000E+00   1.950092263700000E+00   1.147265529500000E+00   1.915140382600000E+00
   5.807319991700000E-02   8.781531205900001E-02   3.633064539500000E+00   1.945723650100000E+00   1.147201405100000E+00   1.923746847900000E+00
   6.052756978600000E-02   9.165547853200000E-02   3.633395603800000E+00   1.940823588500000E+00   1.146842012800000E+00   1.932392006800000E+00
   6.287616951900001E-02   9.555514939199999E-02   3.633712280400000E+00   1.935928557400000E+00   1.146912321100000E+00   1.941033482900000E+00
   6.512385410600000E-02   9.951640952599999E-02   3.634039857500000E+00   1.931722158100000E+00   1.147005324900000E+00   1.949691915000000E+00
   6.727264078100000E-02   1.035449483600000E-01   3.634330914000000E+00   1.926455139100000E+00   1.147501812100000E+00   1.958379999200000E+00
   6.931429975400000E-02   1.076202810500000E-01   3.634605851900000E+00   1.922573933500000E+00   1.147668465800000E+00   1.967068614100000E+00
   7.125112173800000E-02   1.117458742100000E-01   3.634840385600000E+00   1.917807150900000E+00   1.147254810900000E+00   1.975770790000000E+00
   7.308198757700000E-02   1.159187984800000E-01   3.635094202900000E+00   1.912257646300000E+00   1.147424312700000E+00   1.984485787400000E+00
   7.480583424300000E-02   1.201357713700000E-01   3.635339739100000E+00   1.908271847800000E+00   1.147473984900000E+00   1.993213260800000E+00
   7.642150909200000E-02   1.243931061600000E-01   3.635589244500000E+00   1.903826983700000E+00   1.147544164600000E+00   2.001951802700000E+00
   7.792775938700000E-02   1.286899166300000E-01   3.635801956500000E+00   1.899170262300000E+00   1.147353376200000E+00   2.010699460500000E+00
   7.932361222100000E-02   1.330234166400000E-01   3.636002203600000E+00   1.893965858000000E+00   1.148095550800000E+00   2.019455368200000E+00
   8.060774094600000E-02   1.373931728400000E-01   3.636182583700000E+00   1.889564713000000E+00   1.147856561000000E+00   2.028215784300000E+00
   8.120665542600000E-02   1.395925270000000E-01   3.636272032800000E+00   1.887092713700000E+00   1.147977928500000E+00   2.032589862300000E+00
   8.135030299000000E-02   1.401416668400000E-01   3.636293372100000E+00   1.886458833500000E+00   1.148136510400000E+00   2.033670702500000E+00
   8.141840517500000E-02   1.404079217000000E-01   3.636281672200000E+00   1.885436137900000E+00   1.148137471600000E+00   2.034187746000000E+00
   8.147455412700000E-02   1.406377931200000E-01   3.636290500000000E+00   1.885136768100000E+00   1.148178368000000E+00   2.034616283500000E+00
   8.148644821700000E-02   1.406949590100000E-01   3.636292447200000E+00   1.885063592000000E+00   1.148183964100000E+00   2.034707327300000E+00
   8.149021601000001E-02   1.407196149100000E-01   3.636320484100000E+00   1.885049778700000E+00   1.148190153700000E+00   2.034736139600000E+00
   8.149158218600000E-02   1.407351578900000E-01   3.636320877800000E+00   1.885057407300000E+00   1.148190100500000E+00   2.034746612100000E+00
   8.149209314600001E-02   1.407473972900000E-01   3.636321125200000E+00   1.885067751100000E+00   1.148189515400000E+00   2.034750532300000E+00
   8.149247594700000E-02   1.407589390900000E-01   3.636319760200000E+00   1.885656068200000E+00   1.148195219100000E+00   2.034753430000000E+00
   8.149255469000000E-02   1.407695055300000E-01   3.636319850900000E+00   1.885648935000000E+00   1.148196194700000E+00   2.034754035900000E+00
   8.149258765200000E-02   1.407798961500000E-01   3.636319933700000E+00   1.885641942900000E+00   1.148197172300000E+00   2.034754291000000E+00
   8.149244620899999E-02   1.407897166100000E-01   3.636299283800000E+00   1.885826029100000E+00   1.148219295500000E+00   2.034753229300000E+00
   8.149245505500000E-02   1.407999977100000E-01   3.636299178900000E+00   1.885821735600000E+00   1.148219004400000E+00   2.034753296500000E+00
   8.149246152700000E-02   1.408102679800000E-01   3.636299074300000E+00   1.885817380800000E+00   1.148218674800000E+00   2.034753345600000E+00
   8.149224293399999E-02   1.408200317400000E-01   3.636291451500000E+00   1.885893753300000E+00   1.148187563000000E+00   2.034751741500000E+00
   8.149224336999999E-02   1.408302958500000E-01   3.636291668300000E+00   1.885896749000000E+00   1.148186376200000E+00   2.034751749100000E+00
   8.149224371100000E-02   1.408405546900000E-01   3.636291880100000E+00   1.885899661600000E+00   1.148185153300000E+00   2.034751757600000E+00
   8.149335562100000E-02   1.408545331400000E-01   3.636312458300000E+00   1.885866976900000E+00   1.148201139900000E+00   2.034760168000000E+00
   8.149333482399999E-02   1.408645458000000E-01   3.636312555200000E+00   1.885863551900000E+00   1.148200133000000E+00   2.034760009900000E+00
   8.149331343900000E-02   1.408741085300000E-01   3.636312657800000E+00   1.885859890600000E+00   1.148199051700000E+00   2.034759847400000E+00
   8.149396833899999E-02   1.409172071600000E-01   3.636299736200000E+00   1.884740503400000E+00   1.148213702200000E+00   2.034764882900000E+00
   8.149388305300000E-02   1.409257532600000E-01   3.636303061200000E+00   1.884626387200000E+00   1.148214331300000E+00   2.034764304800000E+00
   8.149378426200000E-02   1.409347933500000E-01   3.636306546300000E+00   1.884496855200000E+00   1.148214693000000E+00   2.034763626300000E+00
   8.149378426200000E-02   1.408706436400000E-01   3.636325683500000E+00   1.885919194600000E+00   1.148168764000000E+00   2.034763626300000E+00

  -1.273849847800000E-02   4.601029649800000E-02   3.623776659800000E+00   2.032144636100000E+00   1.143525100300000E+00   1.750000000000000E+00
  -1.278095839100000E-02   4.601979581600000E-02   3.623771272300000E+00   2.032176713900000E+00   1.143525285500000E+00   1.749918598000000E+00
  -1.286589943100000E-02   4.603888914900000E-02   3.623760495400000E+00   2.032240694700000E+00   1.143522919700000E+00   1.749755801800000E+00
  -1.303571273800000E-02   4.607535490700000E-02   3.623737746600000E+00   2.032504095800000E+00   1.143507659500000E+00   1.749430286400000E+00
  -1.329086230700000E-02   4.613358598400000E-02   3.623703780300000E+00   2.032773678300000E+00   1.143498039900000E+00   1.748941978700000E+00
  -1.367403915300000E-02   4.622331131300000E-02   3.623653738800000E+00   2.033171975100000E+00   1.143466314000000E+00   1.748209770600000E+00
  -1.424998762600000E-02   4.636947105400000E-02   3.623592316700000E+00   2.033003403000000E+00   1.143444306100000E+00   1.747111812500000E+00
  -1.522680531500000E-02   4.661785033200000E-02   3.623465316500000E+00   2.033835550800000E+00   1.143391394700000E+00   1.745256015100000E+00
  -1.609626262500000E-02   4.685198949000000E-02   3.623354932900000E+00   2.034814855300000E+00   1.143336539700000E+00   1.743611207700000E+00
  -1.740531702100000E-02   4.722406982000000E-02   3.623137104900000E+00   2.036702058600000E+00   1.143275588900000E+00   1.741146553500000E+00
  -1.946030573400000E-02   4.785905472600000E-02   3.622878250700000E+00   2.038565554200000E+00   1.143151585100000E+00   1.737306809600000E+00
  -2.245183357300000E-02   4.887610632300000E-02   3.622481577500000E+00   2.040991938800000E+00   1.142970599400000E+00   1.731777428800000E+00
  -2.547467857500000E-02   5.000741124600000E-02   3.622095217500000E+00   2.042859680200000E+00   1.142809317300000E+00   1.726260834400000E+00
  -2.997145820500000E-02   5.187347150500000E-02   3.621523143700000E+00   2.047084125800000E+00   1.142548412900000E+00   1.718180858400000E+00
  -3.451738449200000E-02   5.393026682400000E-02   3.620923424700000E+00   2.051280125100000E+00   1.142281244900000E+00   1.710156538600000E+00
  -3.912774177200000E-02   5.615988317400000E-02   3.620296944100000E+00   2.054443470200000E+00   1.141991040300000E+00   1.702158672500000E+00
  -4.380456967200000E-02   5.855401193500000E-02   3.619711624800000E+00   2.058633429700000E+00   1.141814143000000E+00   1.694183522500000E+00
  -4.853900418800000E-02   6.105253076600000E-02   3.619009885800000E+00   2.062136432300000E+00   1.141525996200000E+00   1.686238519100000E+00
  -5.333752250400000E-02   6.368682680100000E-02   3.618436394000000E+00   2.065960212700000E+00   1.141246252400000E+00   1.678319336700000E+00
  -5.819487072400000E-02   6.640650257200000E-02   3.617800538100000E+00   2.069235356700000E+00   1.140995640500000E+00   1.670426936000000E+00
  -6.311117808300000E-02   6.920634133600000E-02   3.617160898700000E+00   2.072483230100000E+00   1.140724296200000E+00   1.662560943700000E+00
  -6.808496666800000E-02   7.207086824599999E-02   3.616511480700000E+00   2.075957057500000E+00   1.140443014500000E+00   1.654721315900000E+00
  -7.311551443600001E-02   7.499197124400001E-02   3.615843854700000E+00   2.080091581600000E+00   1.140154183100000E+00   1.646907970600000E+00
  -7.820173656600000E-02   7.796011521100001E-02   3.615168097200000E+00   2.083541434200000E+00   1.139781013900000E+00   1.639120848000000E+00
  -8.334287942300000E-02   8.096983984500000E-02   3.614479078600000E+00   2.087031756200000E+00   1.139564223100000E+00   1.631359879700000E+00
  -8.854030775400000E-02   8.400910656700000E-02   3.613768588100000E+00   2.089808351200000E+00   1.139273243600000E+00   1.623620063300000E+00
  -9.378822558000000E-02   8.707911805900000E-02   3.613091739600000E+00   2.093702344600000E+00   1.138969729200000E+00   1.615911169700000E+00
  -9.908667281800000E-02   9.016813157000000E-02   3.612383148100000E+00   2.096691554000000E+00   1.138653327200000E+00   1.608228185600000E+00
  -1.044554719000000E-01   9.328562321099999E-02   3.611683427300000E+00   2.100195907800000E+00   1.138325205000000E+00   1.600544266000000E+00
  -1.098545750900000E-01   9.640178222500000E-02   3.610947919300000E+00   2.103934430300000E+00   1.137503624400000E+00   1.592912805400000E+00
  -1.153028760600000E-01   9.952790621400000E-02   3.610232363700000E+00   2.106532646400000E+00   1.137662940200000E+00   1.585307404300000E+00
  -1.208077309600000E-01   1.026674233000000E-01   3.609485007500000E+00   2.109805625900000E+00   1.137262997300000E+00   1.577714865700000E+00
  -1.263514296100000E-01   1.058087038300000E-01   3.608747810900000E+00   2.113653268400000E+00   1.136971203200000E+00   1.570159741700000E+00
  -1.319412775600000E-01   1.089520415600000E-01   3.607990630100000E+00   2.116392411900000E+00   1.136710750000000E+00   1.562629790700000E+00
  -1.375765805200000E-01   1.120948877300000E-01   3.607215338400000E+00   2.119183919200000E+00   1.136280360800000E+00   1.555123918700000E+00
  -1.432563587300000E-01   1.152386618600000E-01   3.606452088800000E+00   2.123107969800000E+00   1.135924303900000E+00   1.547643825300000E+00
  -1.489797033000000E-01   1.183795337700000E-01   3.605692154900000E+00   2.126266437300000E+00   1.135665995100000E+00   1.540188415700000E+00
  -1.547456454000000E-01   1.215158841100000E-01   3.604900332100000E+00   2.129425862000000E+00   1.135319837500000E+00   1.532757495900000E+00
  -1.605542390500000E-01   1.246492341000000E-01   3.604118460800000E+00   2.131890818100000E+00   1.134967438100000E+00   1.525351064100000E+00
  -1.664037313700000E-01   1.277755223500000E-01   3.603320676900000E+00   2.135426327600000E+00   1.134649177000000E+00   1.517968756800000E+00
  -1.722944392800000E-01   1.308970653200000E-01   3.602529428600000E+00   2.138628829700000E+00   1.134292760500000E+00   1.510610641600000E+00
  -1.782242576200000E-01   1.340090908400000E-01   3.601705212900000E+00   2.141109145300000E+00   1.133955530900000E+00   1.503276209600000E+00
  -1.841935426600000E-01   1.371143148700000E-01   3.600896868200000E+00   2.144400081700000E+00   1.133587254800000E+00   1.495965589500000E+00
  -1.902012435200000E-01   1.402108577600000E-01   3.600069833700000E+00   2.147565564500000E+00   1.133208195400000E+00   1.488678478300000E+00
  -1.962472047500000E-01   1.432996480400000E-01   3.599251792300000E+00   2.150035542400000E+00   1.132829940900000E+00   1.481414873300000E+00
  -2.023295041600000E-01   1.463785628700000E-01   3.598378409000000E+00   2.153201160300000E+00   1.132471196400000E+00   1.474174205400000E+00
  -2.084619985200000E-01   1.494535517700000E-01   3.597526777200000E+00   2.156288234500000E+00   1.132097603100000E+00   1.466940822900000E+00
  -2.146165695400000E-01   1.525108648200000E-01   3.596660182900000E+00   2.158625775300000E+00   1.131702454300000E+00   1.459746015000000E+00
  -2.208070004500000E-01   1.555603108900000E-01   3.595844376500000E+00   2.161980587300000E+00   1.131266543400000E+00   1.452574553300000E+00
  -2.270480750600000E-01   1.586039481000000E-01   3.594957981400000E+00   2.164592625400000E+00   1.130876953300000E+00   1.445404878600000E+00
  -2.333064590500000E-01   1.616294809000000E-01   3.594086245800000E+00   2.166607286500000E+00   1.130529434900000E+00   1.438277498700000E+00
  -2.395990820100000E-01   1.646470466000000E-01   3.593215937000000E+00   2.169476470300000E+00   1.130170422600000E+00   1.431173163500000E+00
  -2.459448515000000E-01   1.676557351800000E-01   3.592223664900000E+00   2.172773584200000E+00   1.129654930500000E+00   1.424061289600000E+00
  -2.523056467500000E-01   1.706544691400000E-01   3.591438489800000E+00   2.175848515600000E+00   1.129159635500000E+00   1.417000913300000E+00
  -2.586932173100000E-01   1.736319523900000E-01   3.590568582700000E+00   2.178521722500000E+00   1.128930083000000E+00   1.409960790800000E+00
  -2.651178084200000E-01   1.765995407400000E-01   3.589584809400000E+00   2.180453776200000E+00   1.128543592700000E+00   1.402932637100000E+00
  -2.715698740600000E-01   1.795594268700000E-01   3.588728297400000E+00   2.182538848800000E+00   1.127672404400000E+00   1.395935699300000E+00
  -2.780477532400000E-01   1.825004341500000E-01   3.587763711100000E+00   2.186181505200000E+00   1.127674531500000E+00   1.388957834800000E+00
  -2.845595844800000E-01   1.854368741200000E-01   3.586903936400000E+00   2.187895969900000E+00   1.127317007700000E+00   1.382002688900000E+00
  -2.910963697300000E-01   1.883549700700000E-01   3.585919014700000E+00   2.191011751000000E+00   1.126792693500000E+00   1.375066287700000E+00
  -2.976642769000000E-01   1.912652963500000E-01   3.584980286200000E+00   2.193872241000000E+00   1.126458967400000E+00   1.368151664800000E+00
  -3.042565311300000E-01   1.941581329800000E-01   3.583962864800000E+00   2.196860156200000E+00   1.126039912100000E+00   1.361255299100000E+00
  -3.108836980000000E-01   1.970496313600000E-01   3.583156931800000E+00   2.199178569000000E+00   1.125341302700000E+00   1.354382632800000E+00
  -3.175307912000000E-01   1.999186669900000E-01   3.582126140800000E+00   2.201492438200000E+00   1.125187241100000E+00   1.347525796600000E+00
  -3.242058799800000E-01   2.027780426500000E-01   3.581129545800000E+00   2.203958293600000E+00   1.124691873100000E+00   1.340689747200000E+00
  -3.309081268900000E-01   2.056268304000000E-01   3.580155821500000E+00   2.206870220200000E+00   1.124293412800000E+00   1.333873718700000E+00
  -3.376366618900000E-01   2.084643855600000E-01   3.579235546900000E+00   2.209063697900000E+00   1.123862162400000E+00   1.327077298600000E+00
  -3.443878289500000E-01   2.112865397800000E-01   3.578192037900000E+00   2.211330596400000E+00   1.123396118700000E+00   1.320298309700000E+00
  -3.511684180400000E-01   2.141025043300000E-01   3.577272193100000E+00   2.214164803100000E+00   1.123019759100000E+00   1.313540884400000E+00
  -3.579695108800000E-01   2.169016286200000E-01   3.576240408100000E+00   2.216544439400000E+00   1.122479613000000E+00   1.306799730400000E+00
  -3.647955291200000E-01   2.196900811800000E-01   3.575220432700000E+00   2.218343200200000E+00   1.122063732300000E+00   1.300077728300000E+00
  -3.716449856000000E-01   2.224665150400000E-01   3.574187092700000E+00   2.221108256400000E+00   1.121571055500000E+00   1.293373922000000E+00
  -3.785196801600000E-01   2.252334492200000E-01   3.573174504600000E+00   2.223516305800000E+00   1.121134655100000E+00   1.286689546300000E+00
  -3.854134671100000E-01   2.279844438000000E-01   3.572083219300000E+00   2.225278047800000E+00   1.120674358500000E+00   1.280020543400000E+00
  -3.923343362800000E-01   2.307288082500000E-01   3.571114542100000E+00   2.228187952100000E+00   1.119801464100000E+00   1.273372375000000E+00
  -3.992734435300000E-01   2.334572681700000E-01   3.570041323500000E+00   2.230521215400000E+00   1.119648689200000E+00   1.266739142500000E+00
  -4.062375864100000E-01   2.361777138100000E-01   3.569028521800000E+00   2.232439448600000E+00   1.119206381900000E+00   1.260125636000000E+00
  -4.132208219800000E-01   2.388842846200000E-01   3.567942592100000E+00   2.234597470900000E+00   1.118683912800000E+00   1.253527786200000E+00
  -4.202272438600000E-01   2.415816903500000E-01   3.566892313900000E+00   2.236439911300000E+00   1.118290319600000E+00   1.246948545800000E+00
  -4.272516570300000E-01   2.442636725100000E-01   3.565710150000000E+00   2.239420520800000E+00   1.117707426700000E+00   1.240380599700000E+00
  -4.343028325100000E-01   2.469415888000000E-01   3.564747985800000E+00   2.241552068500000E+00   1.117213314900000E+00   1.233837407600000E+00
  -4.413662448700000E-01   2.496008303000000E-01   3.563615019400000E+00   2.243194016900000E+00   1.116830111400000E+00   1.227304945000000E+00
  -4.484554119800000E-01   2.522539879100000E-01   3.562560780800000E+00   2.245493223900000E+00   1.116324703000000E+00   1.220791669200000E+00
  -4.555599258300000E-01   2.548929675700000E-01   3.561416905500000E+00   2.248120288100000E+00   1.115859079600000E+00   1.214293408700000E+00
  -4.626846267600000E-01   2.575218792900000E-01   3.560260039200000E+00   2.249851970400000E+00   1.115353578700000E+00   1.207812040400000E+00
  -4.698301760700000E-01   2.601415230000000E-01   3.559194624600000E+00   2.252352201100000E+00   1.114714728400000E+00   1.201347914500000E+00
  -4.769909277800000E-01   2.627475560400000E-01   3.558032094400000E+00   2.253995278900000E+00   1.114105864500000E+00   1.194897015900000E+00
  -4.841726779900000E-01   2.653450890800000E-01   3.556931255400000E+00   2.256438233200000E+00   1.113757432300000E+00   1.188463907300000E+00
  -4.913704486300000E-01   2.679303233000000E-01   3.555771796800000E+00   2.257691779900000E+00   1.113306946400000E+00   1.182044588200000E+00
  -4.985904103300000E-01   2.705084895100000E-01   3.554722774300000E+00   2.260394684200000E+00   1.112794508000000E+00   1.175644269000000E+00
  -5.058208775900001E-01   2.730706104700000E-01   3.553451110700000E+00   2.262559677000000E+00   1.112276429400000E+00   1.169252991300000E+00
  -5.130732574500000E-01   2.756259640800000E-01   3.552324608300000E+00   2.263877157800000E+00   1.111611116800000E+00   1.162880753000000E+00
  -5.203419966600000E-01   2.781705385300000E-01   3.551175701500000E+00   2.266496353800000E+00   1.111088205500000E+00   1.156522954500000E+00
  -5.276268415900000E-01   2.807043752600000E-01   3.550025920000000E+00   2.268569105300000E+00   1.110699627800000E+00   1.150179285200000E+00
  -5.349257459900000E-01   2.832261818400000E-01   3.548770466000000E+00   2.270211060700000E+00   1.110190347900000E+00   1.143847465600000E+00
  -5.422451267000000E-01   2.857410068800000E-01   3.547623476600000E+00   2.272034353100000E+00   1.109604954300000E+00   1.137534267100000E+00
  -5.495770043900000E-01   2.882434667000000E-01   3.546366716600000E+00   2.273770925900000E+00   1.109096974200000E+00   1.131232183700000E+00
  -5.569293890500000E-01   2.907382495400000E-01   3.545164487700000E+00   2.276058980300000E+00   1.108524742300000E+00   1.124944052200000E+00
  -5.642946653000001E-01   2.932221602800000E-01   3.543951199800000E+00   2.278189957300000E+00   1.107312230600000E+00   1.118671942800000E+00
  -5.716734042100000E-01   2.956950691200000E-01   3.542675479000000E+00   2.279690534900000E+00   1.107487695300000E+00   1.112412033000000E+00
  -5.790706466500000E-01   2.981601201800000E-01   3.541451685500000E+00   2.281135712200000E+00   1.106763363600000E+00   1.106166675400000E+00
  -5.864803193500000E-01   3.006143396600000E-01   3.540189348000000E+00   2.283744571500000E+00   1.106343217000000E+00   1.099934778500000E+00
  -5.939037093600000E-01   3.030583891100000E-01   3.538973682300000E+00   2.285418117600000E+00   1.105802588900000E+00   1.093715351100000E+00
  -6.013427490100000E-01   3.054937074600000E-01   3.537718554300000E+00   2.287408686500000E+00   1.105227795300000E+00   1.087510344900000E+00
  -6.087932542700000E-01   3.079180229700000E-01   3.536387024300000E+00   2.288408684600000E+00   1.104760800700000E+00   1.081315752400000E+00
  -6.162606811300000E-01   3.103345560400000E-01   3.535114052300000E+00   2.291034551300000E+00   1.104123387500000E+00   1.075136871800000E+00
  -6.237424812200000E-01   3.127421920400000E-01   3.533846658800000E+00   2.292380156300000E+00   1.103536749400000E+00   1.068971394200000E+00
  -6.312334977600000E-01   3.151380890300000E-01   3.532463223100000E+00   2.294166399500000E+00   1.102970541800000E+00   1.062814192800000E+00
  -6.387432115900000E-01   3.175278492000000E-01   3.531190889400000E+00   2.296093834500000E+00   1.102359114100000E+00   1.056674916300000E+00
  -6.462620780500000E-01   3.199062298900000E-01   3.529815535100000E+00   2.297980479200000E+00   1.101522293600000E+00   1.050543806400000E+00
  -6.537959278500000E-01   3.222767721100000E-01   3.528479220300000E+00   2.298917157400000E+00   1.101126419900000E+00   1.044427148700000E+00
  -6.613405267000000E-01   3.246371397100000E-01   3.527142384700000E+00   2.300604015200000E+00   1.100634186800000E+00   1.038320369200000E+00
  -6.688987702400000E-01   3.269892246400000E-01   3.525770878000000E+00   2.303029160800000E+00   1.099985799100000E+00   1.032226639900000E+00
  -6.764709242300000E-01   3.293332595800000E-01   3.524423535600000E+00   2.304684338900000E+00   1.099393652000000E+00   1.026146368900000E+00
  -6.840549497900000E-01   3.316683408600000E-01   3.523054266600000E+00   2.306342704100000E+00   1.098828589000000E+00   1.020077415700000E+00
  -6.916440853900000E-01   3.339911459100000E-01   3.521514393700000E+00   2.307906393200000E+00   1.098450351900000E+00   1.014011613600000E+00
  -6.992622092500000E-01   3.363139623800000E-01   3.520369574400000E+00   2.308891106700000E+00   1.097647416500000E+00   1.007976431800000E+00
  -7.068760789400000E-01   3.386200456700000E-01   3.518805319700000E+00   2.311326122200000E+00   1.097117146400000E+00   1.001934805600000E+00
  -7.145047439800000E-01   3.409193714500000E-01   3.517320134500000E+00   2.312639217900000E+00   1.096384821200000E+00   9.959077709700001E-01
  -7.221451048700001E-01   3.432104854600000E-01   3.515837715100000E+00   2.313712072200000E+00   1.095810396300000E+00   9.898928001500000E-01
  -7.297991606400001E-01   3.454943981200000E-01   3.514452414800000E+00   2.315950086900000E+00   1.095205191700000E+00   9.838915433200000E-01
  -7.374579086700001E-01   3.477670438300000E-01   3.512862290200000E+00   2.316691631600000E+00   1.094614186500000E+00   9.778937228400000E-01
  -7.451404369100000E-01   3.500373301400000E-01   3.511548779900000E+00   2.319093997900000E+00   1.093507251900000E+00   9.719212035700000E-01
  -7.528198068400000E-01   3.522931135700000E-01   3.509957833400000E+00   2.319958810300000E+00   1.093378350700000E+00   9.659432013200000E-01
  -7.605177005800000E-01   3.545443510300000E-01   3.508499305200000E+00   2.322225608900000E+00   1.092767747200000E+00   9.599849284100000E-01
  -7.682242335100000E-01   3.567867231600000E-01   3.506987539300000E+00   2.323503190800000E+00   1.092139553300000E+00   9.540350092600000E-01
  -7.759402153400000E-01   3.590207223500000E-01   3.505368580300000E+00   2.325250124000000E+00   1.091493012600000E+00   9.480942856100000E-01
  -7.836592777800000E-01   3.612437865600000E-01   3.503659315600000E+00   2.326223698900000E+00   1.090815515500000E+00   9.421552278300001E-01
  -7.914042823300000E-01   3.634656490800000E-01   3.502296065500000E+00   2.327664449000000E+00   1.089633382600000E+00   9.362447308200000E-01
  -7.991472222100000E-01   3.656747609000000E-01   3.500658689700000E+00   2.328865259600000E+00   1.089544118000000E+00   9.303300312900000E-01
  -8.068957295800000E-01   3.678744163100000E-01   3.498892171700000E+00   2.330862156400000E+00   1.088847091300000E+00   9.244201651900000E-01
  -8.146699847900000E-01   3.700729285100000E-01   3.497454646300000E+00   2.332475983300000E+00   1.088186386200000E+00   9.185391793900000E-01
  -8.224378063000000E-01   3.722573733500000E-01   3.495694748300000E+00   2.333406899100000E+00   1.087620135600000E+00   9.126483465400000E-01
  -8.302289941200000E-01   3.744398225700000E-01   3.494221618500000E+00   2.335324396900000E+00   1.086891849600000E+00   9.067841523100000E-01
  -8.380006046000000E-01   3.766034399100000E-01   3.492118531700000E+00   2.335836509900000E+00   1.085606942900000E+00   9.008933865700000E-01
  -8.458149808200000E-01   3.787727268300000E-01   3.490714880100000E+00   2.337929451000000E+00   1.085675845400000E+00   8.950528003800000E-01
  -8.536234034500000E-01   3.809288525100000E-01   3.488961605200000E+00   2.338819190400000E+00   1.084801349400000E+00   8.892036862100000E-01
  -8.614419060000000E-01   3.830781169800000E-01   3.487220347900000E+00   2.340736479300000E+00   1.084111829600000E+00   8.833653722300000E-01
  -8.692706036600000E-01   3.852206438100000E-01   3.485544831500000E+00   2.341404950000000E+00   1.083581314300000E+00   8.775377794700000E-01
  -8.771033165100000E-01   3.873541684400000E-01   3.483711855100000E+00   2.343041351400000E+00   1.082855503900000E+00   8.717120939900000E-01
  -8.849462770500000E-01   3.894812644800000E-01   3.481909351500000E+00   2.344643237300000E+00   1.082555003800000E+00   8.658983803100000E-01
  -8.927939600400000E-01   3.915998163100000E-01   3.479944651900000E+00   2.345254257900000E+00   1.081608153200000E+00   8.600884675200000E-01
  -9.006617403600000E-01   3.937155318200000E-01   3.478250302600000E+00   2.346827237700000E+00   1.080824702200000E+00   8.543016861100000E-01
  -9.085230042600000E-01   3.958190538400000E-01   3.476244715600000E+00   2.348470395100000E+00   1.080143947000000E+00   8.485047631700000E-01
  -9.164006587000000E-01   3.979185362500000E-01   3.474541417900000E+00   2.349750225500000E+00   1.079514343500000E+00   8.427269717300000E-01
  -9.242800020100000E-01   4.000089481400000E-01   3.472570044600000E+00   2.350414486900000E+00   1.078826049900000E+00   8.369491986399999E-01
  -9.321717302800000E-01   4.020939425700000E-01   3.470669315400000E+00   2.351927014900000E+00   1.076185548200000E+00   8.311853364600000E-01
  -9.400646617100000E-01   4.041701406900000E-01   3.468611445400000E+00   2.352448928200000E+00   1.077349656100000E+00   8.254211360700000E-01
  -9.479740405000000E-01   4.062424203800000E-01   3.466736733600000E+00   2.354542676400000E+00   1.076808148800000E+00   8.196762480100001E-01
  -9.558664765400000E-01   4.082999306400000E-01   3.464365922800000E+00   2.355296272200000E+00   1.075974610900000E+00   8.139065666000000E-01
  -9.637950176800000E-01   4.103601693200000E-01   3.462530926500000E+00   2.356259957800000E+00   1.075275473800000E+00   8.081822680000000E-01
  -9.717169794400000E-01   4.124092909200000E-01   3.460401061600000E+00   2.358059439800000E+00   1.074568618400000E+00   8.024474965400000E-01
  -9.796434357600000E-01   4.144509860900000E-01   3.458199204600000E+00   2.358557170600000E+00   1.073059291400000E+00   7.967166140900001E-01
  -9.875906373800000E-01   4.164905075400000E-01   3.456211516800000E+00   2.360214763000000E+00   1.073128662400000E+00   7.910114747300000E-01
  -9.955223592500000E-01   4.185164606200000E-01   3.453789665000000E+00   2.360829166900000E+00   1.072299796200000E+00   7.852830025500001E-01
  -1.003477790000000E+00   4.205412479300000E-01   3.451660901300000E+00   2.362515966000000E+00   1.071626906000000E+00   7.795844882600000E-01
  -1.011426666200000E+00   4.225555368700000E-01   3.449348576900000E+00   2.363133197200000E+00   1.070901023200000E+00   7.738749620299999E-01
  -1.019386541600000E+00   4.245648135700000E-01   3.447017232100000E+00   2.364605343400000E+00   1.069931517000000E+00   7.681779142400000E-01
  -1.027367711100000E+00   4.265722323400000E-01   3.444934495800000E+00   2.364987647500000E+00   1.069275321700000E+00   7.625082634400000E-01
  -1.035320998900000E+00   4.285630897800000E-01   3.442215838900000E+00   2.366465975500000E+00   1.068666274300000E+00   7.567976045000000E-01
  -1.043300283800000E+00   4.305535651900000E-01   3.439799471400000E+00   2.367252141900000E+00   1.067898399000000E+00   7.511192160300000E-01
  -1.051277779600000E+00   4.325355558300000E-01   3.437223261300000E+00   2.368663976400000E+00   1.067145755100000E+00   7.454378870200000E-01
  -1.059261135900000E+00   4.345113273000000E-01   3.434521892500000E+00   2.369143394900000E+00   1.066448713700000E+00   7.397624804200000E-01
  -1.067251564400000E+00   4.364813202900000E-01   3.431921458800000E+00   2.370308113000000E+00   1.065509571300000E+00   7.340939801800000E-01
  -1.075255035300000E+00   4.384473560400000E-01   3.429423035900000E+00   2.371539926800000E+00   1.065172254200000E+00   7.284422918600000E-01
  -1.083239775500000E+00   4.404002871900000E-01   3.426517469900000E+00   2.371426662200000E+00   1.064166062000000E+00   7.227617696000000E-01
  -1.091257084200000E+00   4.423548881100000E-01   3.423971004400000E+00   2.373322369200000E+00   1.063293109000000E+00   7.171247099900000E-01
  -1.099259076300000E+00   4.442976728400000E-01   3.421021260700000E+00   2.374012892300000E+00   1.062635546600000E+00   7.114640538300000E-01
  -1.107270117700000E+00   4.462355635600000E-01   3.418062441400000E+00   2.374875774000000E+00   1.061826774600000E+00   7.058140805999999E-01
  -1.115290092800000E+00   4.481685602600000E-01   3.415181929400000E+00   2.375691774600000E+00   1.061025199800000E+00   7.001745705900000E-01
  -1.123317405800000E+00   4.500962114600000E-01   3.412297168400000E+00   2.376872112300000E+00   1.059071916400000E+00   6.945432185000000E-01
  -1.131326179300000E+00   4.520117486700000E-01   3.408963053500000E+00   2.376798945100000E+00   1.059497218700000E+00   6.888833433200000E-01
  -1.139343492300000E+00   4.539224557700000E-01   3.405646833600000E+00   2.378447432600000E+00   1.058692308700000E+00   6.832333915800000E-01
  -1.147396826200000E+00   4.558357254600000E-01   3.402815893000000E+00   2.378866334200000E+00   1.057948190200000E+00   6.776325926200000E-01
  -1.155404558600000E+00   4.577298836300000E-01   3.399010789200000E+00   2.379602384400000E+00   1.057145547900000E+00   6.719637520400000E-01
  -1.163429687500000E+00   4.596218058400000E-01   3.395454518800000E+00   2.380651115400000E+00   1.056048412200000E+00   6.663182625200000E-01
  -1.171456702900000E+00   4.615074258300000E-01   3.391807073000000E+00   2.380913644600000E+00   1.055450355300000E+00   6.606733859500000E-01
  -1.179484938000000E+00   4.633867374800000E-01   3.388054104800000E+00   2.382053259900000E+00   1.054693812900000E+00   6.550279932500001E-01
  -1.187510390900000E+00   4.652584457700000E-01   3.384038236600000E+00   2.381962969600000E+00   1.053897857300000E+00   6.493660196500000E-01
  -1.195557139900000E+00   4.671291142400000E-01   3.380330742400000E+00   2.383340515800000E+00   1.052976691300000E+00   6.437427802900000E-01
  -1.203587038200000E+00   4.689889001300000E-01   3.376142616800000E+00   2.383845663100000E+00   1.052279520100000E+00   6.380935090700000E-01
  -1.211578772000000E+00   4.708326710800000E-01   3.371277927400000E+00   2.383836637400000E+00   1.051480719700000E+00   6.323802258700000E-01
  -1.219666876400000E+00   4.726941436700000E-01   3.367887294000000E+00   2.385072843600000E+00   1.048998772100000E+00   6.268077719300000E-01
  -1.227671172800000E+00   4.745285154200000E-01   3.363101083500000E+00   2.384369474100000E+00   1.049541153100000E+00   6.211125999200000E-01
  -1.235682104700000E+00   4.763583163100000E-01   3.358250758500000E+00   2.385864383200000E+00   1.049033093400000E+00   6.154258414200000E-01
  -1.243671258200000E+00   4.781766668100000E-01   3.352965664600000E+00   2.385527804800000E+00   1.048000102300000E+00   6.097068103800000E-01
  -1.251701542900000E+00   4.799989897800000E-01   3.348266008300000E+00   2.386514672800000E+00   1.047149138100000E+00   6.040441409300000E-01
  -1.259701656300000E+00   4.818079672200000E-01   3.342942200300000E+00   2.386144740600000E+00   1.046373131900000E+00   5.983361592999999E-01
  -1.267714695500000E+00   4.836141453200000E-01   3.337712975000000E+00   2.387234555600000E+00   1.045489666200000E+00   5.926448696500000E-01
  -1.275731487500000E+00   4.854152626500000E-01   3.332455025500000E+00   2.387477920900000E+00   1.044513773600000E+00   5.869567481300000E-01
  -1.283707656600000E+00   4.872008989000000E-01   3.326480593100000E+00   2.387125035100000E+00   1.043740754400000E+00   5.812078132800000E-01
  -1.291656744200000E+00   4.889744516400000E-01   3.320031785900000E+00   2.387649870000000E+00   1.042765356900000E+00   5.754188670500000E-01
  -1.299605612700000E+00   4.907423692100000E-01   3.313484092500000E+00   2.386813970800000E+00   1.041923945800000E+00   5.696275955200000E-01
  -1.307534085100000E+00   4.924999936500000E-01   3.306597459300000E+00   2.387595203500000E+00   1.041028440600000E+00   5.638053081200000E-01
  -1.315474711100000E+00   4.942548833700000E-01   3.299836065100000E+00   2.386904683900000E+00   1.037653284900000E+00   5.579977589500000E-01
  -1.323372680700000E+00   4.959946999000000E-01   3.292324886100000E+00   2.386540452400000E+00   1.039237828200000E+00   5.521286626600000E-01
  -1.331241786000000E+00   4.977225238200000E-01   3.284463375900000E+00   2.386930014400000E+00   1.038194535300000E+00   5.462176823100000E-01
  -1.339210309300000E+00   4.994677971800000E-01   3.277869335000000E+00   2.386051444700000E+00   1.037037650800000E+00   5.404409093400000E-01
  -1.346940516500000E+00   5.011536098300000E-01   3.267791238500000E+00   2.385551464500000E+00   1.036305048300000E+00   5.343256508499999E-01
  -1.354717852600000E+00   5.028452908300000E-01   3.258688052400000E+00   2.385209722800000E+00   1.035203576900000E+00   5.282840676300000E-01
  -1.362423720300000E+00   5.045160894100000E-01   3.248717297100000E+00   2.384169589800000E+00   1.034103720300000E+00   5.221463417600000E-01
  -1.370204298100000E+00   5.061987385500000E-01   3.239832444000000E+00   2.383577832400000E+00   1.033196475600000E+00   5.161039799300000E-01
  -1.377701013400000E+00   5.078134929200000E-01   3.227497455800000E+00   2.381760421100000E+00   1.032149795400000E+00   5.096830690400000E-01
  -1.385156601500000E+00   5.094149543900000E-01   3.214972586100000E+00   2.379639681900000E+00   1.030968886900000E+00   5.032286003400001E-01
  -1.392700796900000E+00   5.110316889400000E-01   3.203608548300000E+00   2.378386624400000E+00   1.029915412000000E+00   4.968776765200000E-01
  -1.400066506100000E+00   5.126049745800000E-01   3.190408120800000E+00   2.376206024300000E+00   1.028771707700000E+00   4.903064006400000E-01
  -1.407206963400000E+00   5.141251106900000E-01   3.175275025100000E+00   2.373834905400000E+00   1.026039589100000E+00   4.834784813800000E-01
  -1.414465332600000E+00   5.156672547300000E-01   3.161394385500000E+00   2.371362760500000E+00   1.026265928200000E+00   4.767846739500000E-01
  -1.421181881600000E+00   5.170884116200000E-01   3.143015121700000E+00   2.366729478100000E+00   1.024594749600000E+00   4.694824794600000E-01
  -1.427503755500000E+00   5.184218118500000E-01   3.122289983400000E+00   2.362413792200000E+00   1.022947906300000E+00   4.618487016300000E-01
  -1.433724689900000E+00   5.197311317300000E-01   3.101618405800000E+00   2.357544916200000E+00   1.021986551200000E+00   4.541434105000000E-01
  -1.439798999100000E+00   5.210067076000000E-01   3.080496778900000E+00   2.351387718300000E+00   1.020017003100000E+00   4.463140326500000E-01
  -1.444746134700000E+00   5.220401822400000E-01   3.053045282000000E+00   2.343844898900000E+00   1.015595784300000E+00   4.375775622200000E-01
  -1.447428912900000E+00   5.225931273000000E-01   3.015810676400000E+00   2.331968959800000E+00   1.016189199900000E+00   4.276326291600000E-01
  -1.448362198200000E+00   5.227837898600000E-01   2.997360751400000E+00   2.325020281500000E+00   1.015241172400000E+00   4.227181001200000E-01
  -1.448183879200000E+00   5.227398903700000E-01   2.976097550800000E+00   2.317642396400000E+00   1.014041218900000E+00   4.175998804000000E-01
  -1.448501444000000E+00   5.228011133100000E-01   2.956825794100000E+00   2.310394318100000E+00   1.012969431900000E+00   4.125930625800000E-01
  -1.446990822800000E+00   5.224767575200000E-01   2.933936161600000E+00   2.301091880800000E+00   1.011576534000000E+00   4.074921823200000E-01
  -1.444834202100000E+00   5.220167119600000E-01   2.912461108800000E+00   2.292106363700000E+00   1.010477838700000E+00   4.029434409100000E-01
  -1.442056651700000E+00   5.214257051900000E-01   2.892047015600000E+00   2.283064982900000E+00   1.009486748600000E+00   3.987702474300000E-01
  -1.439218076100000E+00   5.208215155400000E-01   2.872147544600000E+00   2.273343669400000E+00   1.008477412600000E+00   3.947019979800000E-01
  -1.434997912900000E+00   5.199250867000000E-01   2.853564603200000E+00   2.264959774800000E+00   1.007568752000000E+00   3.916422014300000E-01
  -1.431789489300000E+00   5.192413675500001E-01   2.834055402200000E+00   2.255752989600000E+00   1.006535191500000E+00   3.876319999300000E-01
  -1.427633388100000E+00   5.183564646200000E-01   2.816637007100000E+00   2.247066151000000E+00   1.005586481000000E+00   3.846426955600000E-01
  -1.423495591700000E+00   5.174744689100000E-01   2.800615725500000E+00   2.238424257700000E+00   1.004816153300000E+00   3.819705208300000E-01
  -1.419654521000000E+00   5.166540541200000E-01   2.783583364100000E+00   2.230236873100000E+00   1.003915085700000E+00   3.788310346800000E-01
  -1.414448079900000E+00   5.155425182200000E-01   2.770345669100000E+00   2.222574208700000E+00   1.003415668100000E+00   3.774776702100000E-01
  -1.410533509400000E+00   5.147028153400000E-01   2.749883220200000E+00   2.211707249600000E+00   1.002155232700000E+00   3.729433210300000E-01
  -1.404491355900000E+00   5.134086306900000E-01   2.736551354900000E+00   2.203183557100000E+00   1.001708153700000E+00   3.717296578100000E-01
  -1.399943575100000E+00   5.124316880200001E-01   2.722446283000000E+00   2.195385397000000E+00   1.000938373600000E+00   3.694725650500000E-01
  -1.395215137800000E+00   5.114147980200000E-01   2.710468992200000E+00   2.188643768500000E+00   1.000462056800000E+00   3.679881898000000E-01
  -1.390783577600000E+00   5.104595414799999E-01   2.696963076700000E+00   2.180543002900000E+00   9.996610385200000E-01   3.657211772900000E-01
  -1.386179051900000E+00   5.094657346300000E-01   2.684715804100000E+00   2.172919445500000E+00   9.990619563100001E-01   3.639634645000000E-01
  -1.381276503500000E+00   5.084063683800000E-01   2.674622794300000E+00   2.166846824400000E+00   9.987699931100000E-01   3.631038747200000E-01
  -1.376664368300000E+00   5.074071583000000E-01   2.661740399700000E+00   2.158975693500000E+00   9.980493512700001E-01   3.610437769200000E-01
  -1.371968838200000E+00   5.063884742800000E-01   2.650465523400000E+00   2.152230457200000E+00   9.975166637400000E-01   3.595539569800000E-01
  -1.367286000800000E+00   5.053707642500000E-01   2.639495321500000E+00   2.145475547800000E+00   9.969718037800001E-01   3.581277919700000E-01
  -1.360233242100000E+00   5.038346225500000E-01   2.623310543400000E+00   2.135269272100000E+00   9.962189309000000E-01   3.560903996500000E-01
  -1.353149015400000E+00   5.022874944800000E-01   2.607760282100000E+00   2.125101437700000E+00   9.954564570100000E-01   3.541726402800000E-01
  -1.346060837400000E+00   5.007352572500000E-01   2.592467121300000E+00   2.114809164900000E+00   9.947412005300000E-01   3.522774884900000E-01
  -1.336541937000000E+00   4.986441116200000E-01   2.573206923800000E+00   2.101854539500000E+00   9.937957637900000E-01   3.500222369300000E-01
  -1.327113298000000E+00   4.965648438200000E-01   2.553224600300000E+00   2.088072765000000E+00   9.927682420500000E-01   3.473926446800000E-01
  -1.317421144800000E+00   4.944199471900000E-01   2.535637279800000E+00   2.075357482800000E+00   9.920157961600000E-01   3.457869386200000E-01
  -1.307868431200000E+00   4.922974724400000E-01   2.517055892000000E+00   2.062891335200000E+00   9.911273944200000E-01   3.436605932000000E-01
  -1.298283311100000E+00   4.901596998300000E-01   2.499411445000000E+00   2.050112479600000E+00   9.902737385000000E-01   3.417617826800000E-01
  -1.288698362200000E+00   4.880136516300000E-01   2.482039525600000E+00   2.037241955000000E+00   9.894288439800000E-01   3.398860316600000E-01
  -1.279080610600000E+00   4.858519196400000E-01   2.465522863900000E+00   2.024841287600000E+00   9.886180605000000E-01   3.381957517400000E-01
  -1.269482358900000E+00   4.836859409600000E-01   2.448707817500000E+00   2.012011419000000E+00   9.877523602700000E-01   3.364022771000000E-01
  -1.259802853500000E+00   4.814931190500000E-01   2.433008035200000E+00   1.999832618800000E+00   9.870683528899999E-01   3.350864592900000E-01
  -1.250197738000000E+00   4.793081330200000E-01   2.416315627600000E+00   1.986786418300000E+00   9.861435333900000E-01   3.333003646900000E-01
  -1.240548077400000E+00   4.771042654700000E-01   2.400645376600000E+00   1.974869876400000E+00   9.853817885200000E-01   3.318326905800000E-01
  -1.230918352800000E+00   4.748959087900000E-01   2.384978441400000E+00   1.962900333100000E+00   9.845697298200000E-01   3.302848904400000E-01
  -1.221262330300000E+00   4.726724543800000E-01   2.369960001400000E+00   1.950202985500000E+00   9.838503038100000E-01   3.289243251800000E-01
  -1.211608727600000E+00   4.704403296400000E-01   2.354928661800000E+00   1.938340894900000E+00   9.831196712800000E-01   3.275706835800000E-01
  -1.201961587400000E+00   4.682003385900000E-01   2.339967708100000E+00   1.926540507300000E+00   9.822805534300000E-01   3.261871255600000E-01
  -1.192297330300000E+00   4.659469575900000E-01   2.324628463500000E+00   1.914954495700000E+00   9.816303279600000E-01   3.249448427200000E-01
  -1.182646973800000E+00   4.636872013000000E-01   2.309984521700000E+00   1.903059939500000E+00   9.808502696000000E-01   3.236141962100000E-01
  -1.172981765900000E+00   4.614143193300000E-01   2.295686222400000E+00   1.891260915500000E+00   9.800938845100000E-01   3.224164835000000E-01
  -1.163324061100000E+00   4.591333673600000E-01   2.282003628000000E+00   1.879279947400000E+00   9.793805924400000E-01   3.211810611500000E-01
  -1.153671404200000E+00   4.568436745300000E-01   2.267814235900000E+00   1.867388949900000E+00   9.786222453600000E-01   3.199229121100000E-01
  -1.143985908000000E+00   4.545362194900000E-01   2.254206110200000E+00   1.855768263300000E+00   9.779215954400000E-01   3.189491571400000E-01
  -1.134332331900000E+00   4.522260751200000E-01   2.240396796500000E+00   1.843746024500000E+00   9.771775022800000E-01   3.177066013100000E-01
  -1.124668631600000E+00   4.499032574400000E-01   2.226718185400000E+00   1.831979803400000E+00   9.764439906000000E-01   3.165956951200000E-01
  -1.115006572600000E+00   4.475704052700000E-01   2.213145569800000E+00   1.820200060800000E+00   9.756916900700000E-01   3.154993842200000E-01
  -1.105344529600000E+00   4.452270049200000E-01   2.199740779300000E+00   1.808415190000000E+00   9.749641783800000E-01   3.144255022700000E-01
  -1.095683556500000E+00   4.428731731100000E-01   2.186378875300000E+00   1.796641237300000E+00   9.742325857900000E-01   3.133640250400000E-01
  -1.086029726800000E+00   4.405102490800000E-01   2.173017402300000E+00   1.784796566800000E+00   9.734666972700000E-01   3.122588143100000E-01
  -1.076362273800000E+00   4.381331113200000E-01   2.159972283200000E+00   1.772492975900000E+00   9.727444673500000E-01   3.113039450600000E-01
  -1.066705523400000E+00   4.357474334200000E-01   2.146835602200000E+00   1.760845010700000E+00   9.720077216600000E-01   3.102576351600000E-01
  -1.057044037700000E+00   4.333493747200000E-01   2.133905867700000E+00   1.749264497400000E+00   9.712795081500000E-01   3.093022093600000E-01
  -1.047389628300000E+00   4.309422449700000E-01   2.120497372200000E+00   1.737516416000000E+00   9.705253557800000E-01   3.083039587000000E-01
  -1.037709263900000E+00   4.285164926600000E-01   2.107635219600000E+00   1.725671230900000E+00   9.697755080100000E-01   3.073350013800000E-01
  -1.028060899400000E+00   4.260870606000000E-01   2.094804468500000E+00   1.713937960500000E+00   9.690148224000000E-01   3.063310937000000E-01
  -1.018411246100000E+00   4.236457864300000E-01   2.081587338800000E+00   1.702666541300000E+00   9.682151269800000E-01   3.053757397000000E-01
  -1.008715317500000E+00   4.211804523800000E-01   2.068836252100000E+00   1.690862321900000E+00   9.674870987400001E-01   3.043970008100000E-01
  -9.990577442700000E-01   4.187127426300000E-01   2.056430802400000E+00   1.679263257700000E+00   9.667160143100000E-01   3.035807318900000E-01
  -9.894125564700000E-01   4.162350428600000E-01   2.042957783700000E+00   1.667321431200000E+00   9.659960011399999E-01   3.026640222400000E-01
  -9.797613316800000E-01   4.137441024900000E-01   2.030356914800000E+00   1.655547124300000E+00   9.652008892000000E-01   3.016640353500000E-01
  -9.701160549400000E-01   4.112421054100000E-01   2.018027103000000E+00   1.643917545000000E+00   9.644211200100000E-01   3.008100625100000E-01
  -9.605124563700000E-01   4.087380225800000E-01   2.005774053000000E+00   1.631728083100000E+00   9.635019034400000E-01   2.995038166900000E-01
  -9.508434294400000E-01   4.062040862700000E-01   1.993737553700000E+00   1.620148781600000E+00   9.627814317900000E-01   2.988148070300000E-01
  -9.411881868999999E-01   4.036605852600000E-01   1.981925249100000E+00   1.608702834200000E+00   9.621217537900000E-01   2.982481548500000E-01
  -9.315653297700000E-01   4.011121008800000E-01   1.970642189400000E+00   1.596873066200000E+00   9.612764279300000E-01   2.971650020400000E-01
  -9.219379541200000E-01   3.985489779400000E-01   1.958449213900000E+00   1.585086044300000E+00   9.604469077400000E-01   2.962802122300000E-01
  -9.123161043200000E-01   3.959736244900000E-01   1.946287463100000E+00   1.573286384000000E+00   9.596668976000000E-01   2.953930144400000E-01
  -9.027005490700000E-01   3.933860594800000E-01   1.933939109900000E+00   1.561636036800000E+00   9.588204727500000E-01   2.944731061500000E-01
  -8.930842966900000E-01   3.907842352300000E-01   1.921858250200000E+00   1.549845144600000E+00   9.579985718300000E-01   2.936012926800000E-01
  -8.834638460999999E-01   3.881669975200000E-01   1.909927298200000E+00   1.538131343200000E+00   9.572056811900000E-01   2.928232658800000E-01
  -8.738618641400000E-01   3.855402342800000E-01   1.897878309200000E+00   1.526271340200000E+00   9.563511489900000E-01   2.918547086200000E-01
  -8.642570842800000E-01   3.828980303300000E-01   1.885864848700000E+00   1.514442022900000E+00   9.555065790100000E-01   2.909733905700000E-01
  -8.546572809000000E-01   3.802422735600000E-01   1.873866783600000E+00   1.502591612800000E+00   9.546416144800000E-01   2.900844391700000E-01
  -8.450608415300001E-01   3.775723209300000E-01   1.861509998700000E+00   1.490732016100000E+00   9.537720632400000E-01   2.892017825900000E-01
  -8.354682297900000E-01   3.748880545400000E-01   1.849561810200000E+00   1.478854432100000E+00   9.529093736699999E-01   2.883152989800000E-01
  -8.258811920100000E-01   3.721897501600000E-01   1.837620468300000E+00   1.466951951400000E+00   9.520277004300000E-01   2.874167554700000E-01
  -8.162981379299999E-01   3.694767276700000E-01   1.825932514800000E+00   1.455046300900000E+00   9.511337248400000E-01   2.865201663100000E-01
  -8.067195245300000E-01   3.667488995000000E-01   1.814023280700000E+00   1.443114198600000E+00   9.502308714500000E-01   2.856173016600000E-01
  -7.971442490600000E-01   3.640057045600000E-01   1.802149729600000E+00   1.431180845900000E+00   9.493137886000000E-01   2.847293382300000E-01
  -7.875753643200000E-01   3.612498331000000E-01   1.790504853100000E+00   1.419210837900000E+00   9.483995058700000E-01   2.838182566000000E-01
  -7.779393157000000E-01   3.584554498700000E-01   1.778532580700000E+00   1.407125020000000E+00   9.474342432800000E-01   2.828894640500000E-01
  -7.683805982500000E-01   3.556663302800000E-01   1.766664670200000E+00   1.395114544900000E+00   9.464608746399999E-01   2.819670811100000E-01
  -7.588377970600000E-01   3.528647342200000E-01   1.753925530300000E+00   1.382984062800000E+00   9.455032943700000E-01   2.809301517600000E-01
  -7.491857863100000E-01   3.500129661600000E-01   1.742002859400000E+00   1.370844139900000E+00   9.445323671900000E-01   2.800292432900000E-01
  -7.396270163400001E-01   3.471707117300000E-01   1.730365583000000E+00   1.358932217100000E+00   9.436321058800000E-01   2.792746744000000E-01
  -7.301166176900000E-01   3.443223633300000E-01   1.718171415100000E+00   1.346496363700000E+00   9.424741793100000E-01   2.779422366400000E-01
  -7.205228107800000E-01   3.414326568000000E-01   1.706433040000000E+00   1.334442559000000E+00   9.415411079500000E-01   2.771318892900000E-01
  -7.109825459400000E-01   3.385401270800000E-01   1.694784245200000E+00   1.322450531600000E+00   9.406234510900000E-01   2.763471075900000E-01
  -7.014724211600000E-01   3.356374574700000E-01   1.683325558300000E+00   1.310135603300000E+00   9.394482260500000E-01   2.752336005100000E-01
  -6.919708957700000E-01   3.327179795900000E-01   1.671360454200000E+00   1.297859203300000E+00   9.384104227000000E-01   2.741395088800000E-01
  -6.824637043500000E-01   3.297769712700000E-01   1.659512137500000E+00   1.285653426500000E+00   9.374129539600000E-01   2.731525117800000E-01
  -6.729735244400000E-01   3.268210395400000E-01   1.647408024900000E+00   1.273354420400000E+00   9.363104761400000E-01   2.720521815100000E-01
  -6.634983235100000E-01   3.238492816300000E-01   1.635378897200000E+00   1.260959754000000E+00   9.351599636300000E-01   2.708712566100000E-01
  -6.540238700500000E-01   3.208569327100000E-01   1.623404241000000E+00   1.248587256200000E+00   9.340108787400000E-01   2.697391500200000E-01
  -6.445383299100000E-01   3.178398492500000E-01   1.611580361100000E+00   1.236273423000000E+00   9.329712424800000E-01   2.687665318200000E-01
  -6.350757089900000E-01   3.148083645600000E-01   1.599605200700000E+00   1.223847640800000E+00   9.318083106900000E-01   2.676285048300000E-01
  -6.256235406000000E-01   3.117582130200000E-01   1.587610558000000E+00   1.211385843000000E+00   9.306591162200000E-01   2.664656698600000E-01
  -6.161817761300000E-01   3.086890049800000E-01   1.575620482700000E+00   1.198959559700000E+00   9.294733923600000E-01   2.652687448400000E-01
  -6.067498465100000E-01   3.056001724600000E-01   1.563572360500000E+00   1.186433679900000E+00   9.282541294200000E-01   2.640452777000000E-01
  -5.973284790500000E-01   3.024915547100000E-01   1.551497044600000E+00   1.173866857100000E+00   9.270436919400000E-01   2.627908579800000E-01
  -5.879184463400000E-01   2.993630126800000E-01   1.539511260200000E+00   1.161242470600000E+00   9.257989074900000E-01   2.615013312800000E-01
  -5.785193825800000E-01   2.962139821600000E-01   1.527374439200000E+00   1.148599624500000E+00   9.245449962700000E-01   2.601790444800000E-01
  -5.691342618300000E-01   2.930450469000000E-01   1.515196068000000E+00   1.135905220900000E+00   9.232558079299999E-01   2.588087372100000E-01
  -5.597610189500000E-01   2.898604424200000E-01   1.503031746200000E+00   1.122990582700000E+00   9.219374392900000E-01   2.574066231400000E-01
  -5.502493611300000E-01   2.865969309500000E-01   1.490590559700000E+00   1.109980067000000E+00   9.205916428699999E-01   2.559338395700000E-01
  -5.409071186000000E-01   2.833653203900000E-01   1.478297775000000E+00   1.097120661100000E+00   9.192434890900000E-01   2.544241319400000E-01
  -5.315802229300000E-01   2.801266022600000E-01   1.465890391300000E+00   1.084440236800000E+00   9.178545065200000E-01   2.528763894800000E-01
  -5.217886603200000E-01   2.766820107600000E-01   1.452894347600000E+00   1.070832015100000E+00   9.164378256000000E-01   2.511778588400000E-01
  -5.124982937400000E-01   2.733854426900000E-01   1.440482453300000E+00   1.057840281900000E+00   9.150193278400000E-01   2.494984623800000E-01
  -5.032127097400000E-01   2.700515990700000E-01   1.427894364100000E+00   1.044883806400000E+00   9.135865289600000E-01   2.479250988600000E-01
  -4.935530225000000E-01   2.665650626100000E-01   1.415361932600000E+00   1.031712895400000E+00   9.124207560199999E-01   2.466481975700000E-01
  -4.843287175700000E-01   2.632055115500000E-01   1.402578298500000E+00   1.018417509500000E+00   9.108533250100000E-01   2.445584825000000E-01
  -4.749014423300000E-01   2.597365960600000E-01   1.390845260000000E+00   1.005777930400000E+00   9.098886886300001E-01   2.437195091900000E-01
  -4.655928432900000E-01   2.562845425100000E-01   1.377954300600000E+00   9.923060890099999E-01   9.084035901900001E-01   2.416619535900000E-01
  -4.569017754400000E-01   2.530318078000000E-01   1.363666671200000E+00   9.777504777700000E-01   9.057229842000000E-01   2.371619075200000E-01
  -4.472406781400000E-01   2.493834366600000E-01   1.350329103200000E+00   9.642001050700000E-01   9.044176307300000E-01   2.355397973200000E-01
  -4.380821284300000E-01   2.458912958100000E-01   1.337607053400000E+00   9.509161254600000E-01   9.026866689500000E-01   2.334958154700000E-01
  -4.290876107700000E-01   2.424288928200000E-01   1.324460893700000E+00   9.372784936100000E-01   9.012483848300000E-01   2.307288265700000E-01
  -4.200979212500000E-01   2.389352690600000E-01   1.311696188500000E+00   9.235434554600001E-01   8.996000341000000E-01   2.280848835800000E-01
  -4.112104256300000E-01   2.354478419100000E-01   1.298469589100000E+00   9.099014129900000E-01   8.980749973100000E-01   2.250882128200000E-01
  -4.024103098400000E-01   2.319610031500000E-01   1.285153880000000E+00   8.961812851299999E-01   8.964196259600000E-01   2.218542706700000E-01
  -3.935570512300000E-01   2.284185034500000E-01   1.272116590300000E+00   8.825156102600000E-01   8.949238420800000E-01   2.188349226100000E-01
  -3.848265279500000E-01   2.248899784000000E-01   1.258753140800000E+00   8.687356993399999E-01   8.933699454200000E-01   2.154479402800000E-01
  -3.761889748900000E-01   2.213637785400000E-01   1.245331616400000E+00   8.549051364900000E-01   8.918361592900000E-01   2.118411585100000E-01
  -3.676603764000000E-01   2.178466723100000E-01   1.231850542600000E+00   8.409208347100000E-01   8.903897149600000E-01   2.079725065600000E-01
  -3.592563260800000E-01   2.143455506400000E-01   1.218314858800000E+00   8.270856448500000E-01   8.890299087900000E-01   2.038252198700000E-01
  -3.509952746500000E-01   2.108687931400000E-01   1.204745523100000E+00   8.132298750400000E-01   8.877627513600000E-01   1.993789183400000E-01
  -3.429122200500000E-01   2.074321960600000E-01   1.191107262400000E+00   7.993328382300000E-01   8.866448987500000E-01   1.945830082400000E-01
  -3.350354240100000E-01   2.040492323100000E-01   1.177534267300000E+00   7.854643526600000E-01   8.856918690600000E-01   1.894162968300000E-01
  -3.273988425700000E-01   2.007364496100000E-01   1.164014485500000E+00   7.716717368100000E-01   8.850692464800000E-01   1.838561683500000E-01
  -3.200692708500000E-01   1.975265061700000E-01   1.150643690800000E+00   7.582448304200000E-01   8.847279992600000E-01   1.778332725800000E-01
  -3.130658343700000E-01   1.944283953400000E-01   1.137373737400000E+00   7.448340311800000E-01   8.849280992000000E-01   1.713301458900000E-01
  -3.065000704500000E-01   1.914970567300000E-01   1.124392545800000E+00   7.317562039000000E-01   8.857256622200000E-01   1.643506200000000E-01
  -3.004151386300000E-01   1.887563913900000E-01   1.111599538400000E+00   7.190388736100000E-01   8.872650549300000E-01   1.568721640400000E-01
  -2.948837996200000E-01   1.862449791900000E-01   1.099435678900000E+00   7.070281658000001E-01   8.898558322500000E-01   1.488870289300000E-01
  -2.899732262200000E-01   1.839987443200000E-01   1.087849940000000E+00   6.956254374200000E-01   8.938410122900000E-01   1.404314704500000E-01
  -2.857577809400000E-01   1.820594052400000E-01   1.077063354600000E+00   6.847586999000000E-01   8.997396234700000E-01   1.315312981400000E-01
  -2.822580977300000E-01   1.804379574200000E-01   1.066928657100000E+00   6.748773013700000E-01   9.083181682200000E-01   1.222079514200000E-01
  -2.795891878500000E-01   1.791963226900000E-01   1.057778329800000E+00   6.660890630000000E-01   9.210841226499999E-01   1.126076088300000E-01
  -2.779481722600000E-01   1.784333283600000E-01   1.049815551700000E+00   6.584680532700000E-01   9.433584486400000E-01   1.027080222800000E-01
  -2.778947343600000E-01   1.784095746100000E-01   1.048331981700000E+00   6.568414658200000E-01   9.545980903900000E-01   1.001714148300000E-01
  -2.779741574000000E-01   1.784472771800000E-01   1.048083878700000E+00   6.565008727000000E-01   9.588587508700001E-01   9.954566254300000E-02
  -2.780664122100000E-01   1.784894237300000E-01   1.047903578600000E+00   6.522261243700000E-01   9.624232243100000E-01   9.924288879000000E-02
  -2.783735481600000E-01   1.786341007800000E-01   1.048062155800000E+00   6.525321911600001E-01   9.696861420300000E-01   9.902937269600000E-02
  -2.784592423700000E-01   1.786743837900000E-01   1.048145214800000E+00   6.528006903600000E-01   9.711839316500001E-01   9.903714506600000E-02
  -2.785409924700000E-01   1.787125454700000E-01   1.048077977100000E+00   6.573292315200000E-01   9.715500396000000E-01   9.897572905500000E-02
  -2.787078381000000E-01   1.787908426900000E-01   1.048378283500000E+00   6.575437437000000E-01   9.738400097300000E-01   9.899756697900000E-02
  -2.787758677600000E-01   1.788227557600000E-01   1.048506182900000E+00   6.576372109000000E-01   9.747138805300000E-01   9.902060607200000E-02
  -2.788790097600000E-01   1.788710901600000E-01   1.048973481300000E+00   6.578240180100000E-01   9.765344397700000E-01   9.904572473000001E-02
  -2.790165839600000E-01   1.789356171300000E-01   1.049211236300000E+00   6.580718677100000E-01   9.782096269100000E-01   9.916639416299999E-02
  -2.791912595800000E-01   1.790175083200000E-01   1.049523424100000E+00   6.583945349700000E-01   9.801826972300000E-01   9.934520548400000E-02
  -2.793556356600000E-01   1.790945364200000E-01   1.049898316900000E+00   6.586362584100000E-01   9.821483596000000E-01   9.953556561500000E-02
  -2.795127272900000E-01   1.791681213500000E-01   1.050220562900000E+00   6.589754974900000E-01   9.836962705500000E-01   9.973314939400001E-02
  -2.797390760600000E-01   1.792740990900000E-01   1.050690049000000E+00   6.594669430200000E-01   9.857747422499999E-01   1.000383891600000E-01
  -2.799574249700000E-01   1.793762794900000E-01   1.051147984700000E+00   6.598752714200000E-01   9.875858703800000E-01   1.003508095700000E-01
  -2.802748005700000E-01   1.795247149600000E-01   1.051854050100000E+00   6.604978388400000E-01   9.900762286700000E-01   1.008280816400000E-01
  -2.805839792200000E-01   1.796692226600000E-01   1.052540506000000E+00   6.611040321800000E-01   9.923001056300000E-01   1.013120389300000E-01
  -2.810382997300000E-01   1.798814072800000E-01   1.053562808200000E+00   6.621902836400000E-01   9.953254507700000E-01   1.020454634900000E-01
  -2.814861287900000E-01   1.800903793700000E-01   1.054574927300000E+00   6.631025507400000E-01   9.980216113300000E-01   1.027839561300000E-01
  -2.821527141600000E-01   1.804011106200000E-01   1.056054548700000E+00   6.644368374200000E-01   1.001622557800000E+00   1.038958047900000E-01
  -2.828187417300000E-01   1.807112123200000E-01   1.057607187600000E+00   6.662688799900000E-01   1.004692347900000E+00   1.050083822000000E-01
  -2.834881277200000E-01   1.810225163600000E-01   1.059083074300000E+00   6.677618356900000E-01   1.007625458600000E+00   1.061187867500000E-01
  -2.845034234500000E-01   1.814940163800000E-01   1.061379285800000E+00   6.699528326400001E-01   1.011580181200000E+00   1.077765768100000E-01
  -2.855358628200000E-01   1.819726681600000E-01   1.063748729400000E+00   6.721406745900000E-01   1.015120100000000E+00   1.094220258400000E-01
  -2.865881521900000E-01   1.824597023100000E-01   1.066094170200000E+00   6.742624256899999E-01   1.018319393600000E+00   1.110525394900000E-01
  -2.876619277600000E-01   1.829558445700000E-01   1.068398074000000E+00   6.763466765100000E-01   1.021249071700000E+00   1.126663663500000E-01
  -2.887576377000000E-01   1.834612684800000E-01   1.070738859400000E+00   6.790291635200000E-01   1.023924910200000E+00   1.142625802900000E-01
  -2.898757281300000E-01   1.839761394300000E-01   1.073206469400000E+00   6.815091809800000E-01   1.026506806600000E+00   1.158403905500000E-01
  -2.910160796500000E-01   1.845003655500000E-01   1.075635648600000E+00   6.839559399300000E-01   1.028921073200000E+00   1.173989627500000E-01
  -2.927683471500000E-01   1.853041615900000E-01   1.079265755300000E+00   6.875772257500000E-01   1.032130437700000E+00   1.196998877900000E-01
  -2.945702727900000E-01   1.861286031600000E-01   1.082811106400000E+00   6.911639796500000E-01   1.035197939100000E+00   1.219552578500000E-01
  -2.964222481400000E-01   1.869737613500000E-01   1.086429528100000E+00   6.946494061300000E-01   1.038115416400000E+00   1.241616318200000E-01
  -2.983163520200000E-01   1.878359826400000E-01   1.090489587800000E+00   6.983023350799999E-01   1.041039381000000E+00   1.263245225200000E-01
  -3.002626654900000E-01   1.887199839200000E-01   1.094117882700000E+00   7.023800736400000E-01   1.043787361000000E+00   1.284305150200000E-01
  -3.012625721100000E-01   1.891737083200000E-01   1.095776785600000E+00   7.043507708500000E-01   1.045081082300000E+00   1.294507883200000E-01
  -3.017738858100000E-01   1.894060204700000E-01   1.097050145100000E+00   7.047477808500000E-01   1.046040693100000E+00   1.299432564500000E-01
  -3.019128098500000E-01   1.894693720200000E-01   1.097346358800000E+00   7.048463588400000E-01   1.046370003200000E+00   1.300490913500000E-01
  -3.019128098500000E-01   1.894693720200000E-01   1.097346358800000E+00   7.048463588400000E-01   1.046370003200000E+00   1.300490913500000E-01

