  -1.108754797900000E+00   1.132703152000000E+00   9.950422141100000E-01  -2.695941570400000E-26   5.412092227400001E-01   1.750000000000000E+00
  -1.108493263100000E+00   1.132843385400000E+00   9.950458456500000E-01   1.363095609100000E-23   5.414959841800000E-01   1.751885410800000E+00
  -1.108292522200000E+00   1.132950899600000E+00   9.950486281100001E-01  -6.315812593500000E-24   5.417157636700000E-01   1.753305893800000E+00
  -1.107890594200000E+00   1.133165850100000E+00   9.950541864200000E-01  -4.620934996300000E-23   5.421549685300000E-01   1.756146733000000E+00
  -1.107084958800000E+00   1.133595438400000E+00   9.950652766800000E-01   1.143882068500000E-22   5.430319632400000E-01   1.761827900100000E+00
  -1.105466597300000E+00   1.134453361000000E+00   9.950873524200000E-01  -3.802057194400000E-27   5.447803128399999E-01   1.773188172700000E+00
  -1.103021452500000E+00   1.135737093800000E+00   9.951202068200000E-01  -1.980110068100000E-26   5.473888198600000E-01   1.790223387600000E+00
  -1.099314577000000E+00   1.137655545400000E+00   9.951689147600000E-01  -4.379966591100000E-26   5.512703248900001E-01   1.815764364900000E+00
  -1.093667674900000E+00   1.140516956200000E+00   9.952407171200000E-01  -7.979751375600001E-26   5.570231973799999E-01   1.854048709300000E+00
  -1.085007669600000E+00   1.144771886400000E+00   9.953456867100000E-01  -2.000330172700000E-23   5.654994570100000E-01   1.911412898200000E+00
  -1.071608616700000E+00   1.151068822500000E+00   9.954973034900000E-01  -5.034387868300000E-26   5.778793584100000E-01   1.997315917400000E+00
  -1.057745881800000E+00   1.157260813800000E+00   9.956423484000000E-01  -5.201625343400000E-26   5.898719396300000E-01   2.083044491900000E+00
  -1.043450229300000E+00   1.163345637600000E+00   9.957812613500000E-01  -1.010306605000000E-25   6.014921047500000E-01   2.168599174000000E+00
  -1.028752527600000E+00   1.169321515900000E+00   9.959144368800000E-01  -6.092545922000000E-26   6.127538184200000E-01   2.253983395000000E+00
  -1.013683573000000E+00   1.175187079100000E+00   9.960422305100000E-01  -1.495058682200000E-25   6.236702220800000E-01   2.339203089300000E+00
  -9.982739320900000E-01   1.180941331000000E+00   9.961649640800000E-01   5.019698201300000E-26   6.342537280700000E-01   2.424266346200000E+00
  -9.825538067900000E-01   1.186583613700000E+00   9.962829300700000E-01   5.069330052400000E-23   6.445160940800000E-01   2.509183077700000E+00
  -9.649806127900000E-01   1.192646152400000E+00   9.964072148999999E-01   9.634668504100000E-24   6.554216253400000E-01   2.602215179900000E+00
  -9.471077386300000E-01   1.198573344000000E+00   9.965264005700000E-01   4.159355240400000E-23   6.659678625500000E-01   2.695101422500000E+00
  -9.289726521500000E-01   1.204365452700000E+00   9.966407798200000E-01  -5.937267577600000E-23   6.761681002200000E-01   2.787859992700000E+00
  -9.106117271800001E-01   1.210023050900000E+00   9.967506202000000E-01   1.425706925200000E-23   6.860349734400000E-01   2.880510078400000E+00
  -8.920601589900000E-01   1.215546978500000E+00   9.968561669100000E-01  -1.895124135800000E-23   6.955805053600000E-01   2.973071519500000E+00
  -8.733518964200000E-01   1.220938308000000E+00   9.969576453500000E-01   2.555139086300000E-23   7.048161500600000E-01   3.065564502200000E+00
  -8.545195937400000E-01   1.226198311500000E+00   9.970552632500000E-01  -5.893986081700000E-24   7.137528291600000E-01   3.158009280900000E+00
  -8.355945728000000E-01   1.231328432500000E+00   9.971492125600000E-01  -1.290892931900000E-23   7.224009666700000E-01   3.250425937200000E+00
  -8.166068024499999E-01   1.236330260100000E+00   9.972396710300000E-01  -3.568652505200000E-23   7.307705184000000E-01   3.342834165700000E+00
  -7.975848823200000E-01   1.241205506900000E+00   9.973268036500000E-01   1.858922363200000E-23   7.388710016200000E-01   3.435253094500000E+00
  -7.785560369500000E-01   1.245955989800000E+00   9.974107639100001E-01   2.797412385700000E-23   7.467115216600000E-01   3.527701127400000E+00
  -7.595461163900000E-01   1.250583613200000E+00   9.974916948700000E-01   8.005386213000000E-25   7.543007970200000E-01   3.620195814800000E+00
  -7.405796016900000E-01   1.255090354500000E+00   9.975697302099999E-01  -5.235990774800000E-24   7.616471830400000E-01   3.712753748800000E+00
  -7.216796146800000E-01   1.259478251600000E+00   9.976449950400000E-01   9.297538829299999E-24   7.687586943700000E-01   3.805390478400000E+00
  -7.028679306000000E-01   1.263749392500000E+00   9.977176067100000E-01   1.058545261800000E-23   7.756430263600000E-01   3.898120446600000E+00
  -6.841649959200000E-01   1.267905906000000E+00   9.977876754900000E-01   4.875646614600000E-24   7.823075744400000E-01   3.990956943100000E+00
  -6.655899454100001E-01   1.271949954000000E+00   9.978553052500000E-01   6.035807683200000E-24   7.887594534300000E-01   4.083912078400000E+00
  -6.471606240600000E-01   1.275883725300000E+00   9.979205939600000E-01   8.589340036600000E-25   7.950055148900000E-01   4.176996767200000E+00
  -6.288936114200000E-01   1.279709428900000E+00   9.979836342200000E-01   1.672215229600000E-24   8.010523630100000E-01   4.270220731800000E+00
  -6.108042455700000E-01   1.283429289800000E+00   9.980445137300000E-01  -9.646604736800000E-24   8.069063702900000E-01   4.363592511400000E+00
  -5.929066506400000E-01   1.287045544200000E+00   9.981033156900000E-01  -2.935742296800000E-24   8.125736914100000E-01   4.457119486000000E+00
  -5.752137683400000E-01   1.290560435500000E+00   9.981601191300000E-01   3.988096624800000E-24   8.180602753900000E-01   4.550807910000000E+00
  -5.577373844800000E-01   1.293976211400000E+00   9.982149993100000E-01  -9.080571815200000E-25   8.233718787700000E-01   4.644662950100000E+00
  -5.404881677600000E-01   1.297295119600000E+00   9.982680279400000E-01   1.973685712300000E-25   8.285140745000000E-01   4.738688734000000E+00
  -5.234756995199999E-01   1.300519405700000E+00   9.983192735200001E-01  -1.218618449400000E-23   8.334922631400000E-01   4.832888401700000E+00
  -5.067085129200000E-01   1.303651309900000E+00   9.983688015000000E-01  -1.680910553900000E-23   8.383116807500000E-01   4.927264162400000E+00
  -4.901941299800000E-01   1.306693064500000E+00   9.984166745500000E-01  -1.089011747000000E-23   8.429774070100000E-01   5.021817355200000E+00
  -4.739391025200000E-01   1.309646890700000E+00   9.984629527300000E-01   1.842471485800000E-23   8.474943718300000E-01   5.116548511600000E+00
  -4.579490508900000E-01   1.312514996900000E+00   9.985076936700000E-01  -5.860182615600000E-24   8.518673621600000E-01   5.211457417600000E+00
  -4.422287068500000E-01   1.315299575800000E+00   9.985509527000000E-01   2.927257867900000E-25   8.561010272400000E-01   5.306543180500000E+00
  -4.267819574300000E-01   1.318002801800000E+00   9.985927830100000E-01   6.610156224900000E-24   8.601998833200000E-01   5.401804291300000E+00
  -4.116118873300000E-01   1.320626829100000E+00   9.986332357400000E-01  -1.138345654100000E-23   8.641683182800000E-01   5.497238687600000E+00
  -3.967208228500000E-01   1.323173789400000E+00   9.986723601400000E-01   3.923787245300000E-24   8.680105955700000E-01   5.592843816900000E+00
  -3.821103776900000E-01   1.325645789200000E+00   9.987102036300000E-01   4.987691365300000E-24   8.717308572800000E-01   5.688616694900000E+00
  -3.677814950600000E-01   1.328044908500000E+00   9.987468119000000E-01  -1.568411922600000E-23   8.753331278000001E-01   5.784553961900000E+00
  -3.537344948400000E-01   1.330373198000000E+00   9.987822289700000E-01  -8.223662403200000E-24   8.788213158400000E-01   5.880651938900000E+00
  -3.399691133400000E-01   1.332632678400000E+00   9.988164973000000E-01   1.025933009100000E-23   8.821992179500000E-01   5.976906678700000E+00
  -3.264845494600000E-01   1.334825337200000E+00   9.988496578300000E-01   4.431069009700000E-24   8.854705200400000E-01   6.073314011700000E+00
  -3.132795053000000E-01   1.336953128300000E+00   9.988817500500000E-01   6.217366474400000E-24   8.886387999599999E-01   6.169869593300000E+00
  -3.003522269900000E-01   1.339017970100000E+00   9.989128120400000E-01   3.717085043200000E-24   8.917075295700000E-01   6.266568943200000E+00
  -2.877005457500000E-01   1.341021744000000E+00   9.989428805400000E-01  -1.727732477500000E-23   8.946800764600000E-01   6.363407483800000E+00
  -2.753219145200000E-01   1.342966293300000E+00   9.989719909900000E-01   5.508434714700000E-24   8.975597062300000E-01   6.460380574400000E+00
  -2.632134463300000E-01   1.344853422600000E+00   9.990001775700000E-01   7.240515453099999E-24   9.003495840900000E-01   6.557483541200000E+00
  -2.513719476800000E-01   1.346684896600000E+00   9.990274732700000E-01  -1.697234393500000E-23   9.030527771300000E-01   6.654711706300000E+00
  -2.397939547800000E-01   1.348462439000000E+00   9.990539098700000E-01  -3.942930478000000E-24   9.056722556300000E-01   6.752060410500000E+00
  -2.284757635000000E-01   1.350187732800000E+00   9.990795180499999E-01   1.279173915400000E-23   9.082108953600000E-01   6.849525036700000E+00
  -2.174134600000000E-01   1.351862419200000E+00   9.991043273600000E-01  -8.512186031100000E-24   9.106714793900000E-01   6.947101026500000E+00
  -2.066029490100000E-01   1.353488097400000E+00   9.991283663100000E-01  -1.046299087400000E-23   9.130567000100001E-01   7.044783897500000E+00
  -1.960399801500000E-01   1.355066324900000E+00   9.991516623700000E-01   2.575239429800000E-24   9.153691607700000E-01   7.142569256500000E+00
  -1.857201740200000E-01   1.356598616900000E+00   9.991742420200000E-01   4.250236757500000E-24   9.176113781500000E-01   7.240452810900000E+00
  -1.756390426200000E-01   1.358086446600000E+00   9.991961307700000E-01   2.864907676900000E-24   9.197857841900000E-01   7.338430377800000E+00
  -1.657920131300000E-01   1.359531245800000E+00   9.992173532000000E-01  -3.414664802400000E-24   9.218947279300000E-01   7.436497892300000E+00
  -1.561744475900000E-01   1.360934404300000E+00   9.992379329900000E-01  -5.344468862900000E-24   9.239404775400000E-01   7.534651411800000E+00
  -1.467816591400000E-01   1.362297271100000E+00   9.992578929200000E-01   4.468463256700000E-24   9.259252228000000E-01   7.632887121500000E+00
  -1.376089289700000E-01   1.363621154700000E+00   9.992772549700000E-01   4.438064094300000E-24   9.278510770400000E-01   7.731201336800000E+00
  -1.286515228500000E-01   1.364907323400000E+00   9.992960402600000E-01   6.289974137900000E-25   9.297200790400000E-01   7.829590504900000E+00
  -1.199047034700000E-01   1.366157006200000E+00   9.993142691600000E-01   1.748579973900000E-24   9.315341953100000E-01   7.928051206100000E+00
  -1.113637438700000E-01   1.367371393200000E+00   9.993319612400000E-01  -2.004051903900000E-24   9.332953220900000E-01   8.026580152899999E+00
  -1.030239378500000E-01   1.368551636600000E+00   9.993491353700000E-01  -2.072448994300000E-24   9.350052875000000E-01   8.125174189799999E+00
  -9.488060868600000E-02   1.369698851400000E+00   9.993658096900000E-01   5.528670635200000E-24   9.366658539600000E-01   8.223830290600000E+00
  -8.692912134300000E-02   1.370814116000000E+00   9.993820016500000E-01  -3.567784989800000E-24   9.382787195300000E-01   8.322545557600000E+00
  -7.916488720000001E-02   1.371898473400000E+00   9.993977280600000E-01   5.823803652400000E-24   9.398455205900000E-01   8.421317217700000E+00
  -7.158337134900000E-02   1.372952931900000E+00   9.994130050900000E-01  -1.094937047500000E-24   9.413678338200000E-01   8.520142620100000E+00
  -6.418010212399999E-02   1.373978465600000E+00   9.994278482800000E-01  -2.447328404800000E-24   9.428471774500000E-01   8.619019233000000E+00
  -5.695067004300000E-02   1.374976016100000E+00   9.994422725900000E-01  -1.540158355800000E-24   9.442850145200000E-01   8.717944639500001E+00
  -4.989073797900000E-02   1.375946492700000E+00   9.994562924200000E-01  -6.493955091300000E-25   9.456827536000000E-01   8.816916534600001E+00
  -4.299604199400000E-02   1.376890773800000E+00   9.994699216100000E-01   6.277545445600000E-25   9.470417513300000E-01   8.915932720900001E+00
  -3.626239595600000E-02   1.377809707200000E+00   9.994831734800000E-01  -1.977338588400000E-24   9.483633139500000E-01   9.014991104600000E+00
  -2.968569199800000E-02   1.378704111900000E+00   9.994960608500000E-01  -2.423149050900000E-25   9.496486994900000E-01   9.114089692000000E+00
  -2.326190562200000E-02   1.379574778000000E+00   9.995085960400000E-01  -5.722773392800000E-25   9.508991190100000E-01   9.213226584899999E+00
  -1.698709508300000E-02   1.380422468400000E+00   9.995207909100000E-01  -5.469374964500000E-25   9.521157386400000E-01   9.312399977300000E+00
  -1.085740332200000E-02   1.381247919200000E+00   9.995326568800000E-01   1.599762227600000E-25   9.532996812100000E-01   9.411608150999999E+00
  -4.869057655400000E-03   1.382051841000000E+00   9.995442049200000E-01  -5.246670685100000E-25   9.544520279900000E-01   9.510849471800000E+00
   9.816261064200000E-04   1.382834919100000E+00   9.995554455800000E-01   9.308721411800000E-27   9.555738196100000E-01   9.610122386200000E+00
   6.698249095900000E-03   1.383597815100000E+00   9.995663890399999E-01   3.728973777700000E-25   9.566660586300000E-01   9.709425416800000E+00
   1.228432464900000E-02   1.384341167000000E+00   9.995770450800000E-01  -7.814688177700000E-25   9.577297100800000E-01   9.808757159900001E+00
   1.774328045700000E-02   1.385065590600000E+00   9.995874231100000E-01   1.054338022700000E-24   9.587657032400000E-01   9.908116281100000E+00
   2.268000838100000E-02   1.385719011300000E+00   9.995967783300000E-01   1.505850026300000E-26   9.596996712900000E-01   9.999999063400001E+00

  -1.108754797900000E+00   1.132703152000000E+00   9.950422141100000E-01  -2.695941570400000E-26   5.412092227400001E-01   1.750000000000000E+00
  -1.109027593100000E+00   1.132556688900000E+00   9.950384184600000E-01  -3.089211399700000E-24   5.409096037300000E-01   1.748099029300000E+00
  -1.109227788100000E+00   1.132449079500000E+00   9.950356278900000E-01  -1.674243363600000E-23   5.406893904500000E-01   1.746678391300000E+00
  -1.109627729700000E+00   1.132233783300000E+00   9.950300401100000E-01   1.666729627700000E-23   5.402486087900000E-01   1.743836986800000E+00
  -1.110425818600000E+00   1.131802879800000E+00   9.950188378200000E-01   8.348675610400000E-23   5.393656190800000E-01   1.738153672300000E+00
  -1.112014784600000E+00   1.130939836100000E+00   9.949963257400000E-01   6.794568894700001E-27   5.375939217000000E-01   1.726785035000000E+00
  -1.114380085200000E+00   1.129642194300000E+00   9.949622859000000E-01   5.770813034600000E-25   5.349219913400000E-01   1.709727113200000E+00
  -1.117886767100000E+00   1.127688874800000E+00   9.949106041200000E-01   4.501869355700000E-25   5.308814257000000E-01   1.684129271400000E+00
  -1.123052480900000E+00   1.124743693500000E+00   9.948316446400000E-01  -3.761186786400000E-24   5.247460099900000E-01   1.645708644200000E+00
  -1.130584031100000E+00   1.120292523100000E+00   9.947098394600000E-01  -5.894932454000001E-23   5.153713927800000E-01   1.588027053900000E+00
  -1.141377218200000E+00   1.113543568700000E+00   9.945190683100000E-01   1.533860054100000E-26   5.009102736700000E-01   1.501402972600000E+00
  -1.151542282100000E+00   1.106712998200000E+00   9.943177890400000E-01   6.986911561099999E-27   4.859483457900000E-01   1.414680758400000E+00
  -1.161054694400000E+00   1.099807100100000E+00   9.941049204000000E-01  -4.431177364500000E-28   4.704583559800000E-01   1.327893326800000E+00
  -1.169891658600000E+00   1.092832999600000E+00   9.938791894300000E-01  -9.118557298400000E-26   4.544096410700000E-01   1.241082292500000E+00
  -1.178032247500000E+00   1.085798788500000E+00   9.936390839700000E-01  -4.187837038800000E-27   4.377674951400000E-01   1.154300081500000E+00
  -1.185457482200000E+00   1.078713726000000E+00   9.933827913400000E-01  -1.133088200500000E-25   4.204924881600000E-01   1.067613064600000E+00
  -1.192150335700000E+00   1.071588564400000E+00   9.931081191400000E-01   0.000000000000000E+00   4.025398304800000E-01   9.811063678200000E-01
  -1.198095643300000E+00   1.064436087900000E+00   9.928123942800000E-01   0.000000000000000E+00   3.838590041500000E-01   8.948914973700000E-01
  -1.203279912600000E+00   1.057272036000000E+00   9.924923383599999E-01   0.000000000000000E+00   3.643941773500000E-01   8.091188093300000E-01
  -1.207691056500000E+00   1.050116722000000E+00   9.921439261000000E-01   0.000000000000000E+00   3.440865585300000E-01   7.239985322800000E-01
  -1.211318168500000E+00   1.042997946200000E+00   9.917622612700000E-01   0.000000000000000E+00   3.228812985700000E-01   6.398372409400001E-01
  -1.214151740500000E+00   1.035956332500000E+00   9.913415824700000E-01   0.000000000000000E+00   3.007447251500000E-01   5.571024277400000E-01
  -1.216185487600000E+00   1.029055057100000E+00   9.908757157000000E-01   0.000000000000000E+00   2.777042069300000E-01   4.765363408600000E-01
  -1.217422795100000E+00   1.022396467700000E+00   9.903597526600000E-01   0.000000000000000E+00   2.539332539100000E-01   3.993428379500000E-01
  -1.217893935400000E+00   1.016144096700000E+00   9.897943685700000E-01   0.000000000000000E+00   2.299041828800000E-01   3.274185360900000E-01
  -1.217903051900000E+00   1.015166258400000E+00   9.896969664300000E-01   0.000000000000000E+00   2.259700131800000E-01   3.162254662400000E-01
  -1.217601213100000E+00   1.009680922200000E+00   9.890927486800000E-01   0.000000000000000E+00   2.028573372000000E-01   2.537479518100000E-01
  -1.216837460900000E+00   1.005093118700000E+00   9.884904756300000E-01   0.000000000000000E+00   1.819306373300000E-01   2.019198885100000E-01
  -1.215843788600000E+00   1.001470465600000E+00   9.879273321399999E-01   0.000000000000000E+00   1.641422550000000E-01   1.612229809900000E-01
  -1.214805262300000E+00   9.987032633500000E-01   9.874261660200000E-01   0.000000000000000E+00   1.496588616900000E-01   1.301333642800000E-01
  -1.213825010500000E+00   9.966061478200000E-01   9.869927710900001E-01   0.000000000000000E+00   1.380908529800000E-01   1.063630189200000E-01
  -1.212945702700000E+00   9.950070649900000E-01   9.866234553800000E-01   0.000000000000000E+00   1.288922677100000E-01   8.786745306099999E-02
  -1.212178698300000E+00   9.937751702800000E-01   9.863114219600000E-01   0.000000000000000E+00   1.215683674900000E-01   7.312837215100000E-02
  -1.211521749900000E+00   9.928174755600000E-01   9.860496582100000E-01   0.000000000000000E+00   1.157264504200000E-01   6.108847054500000E-02
  -1.210967353100000E+00   9.920687086500000E-01   9.858318381200000E-01   0.000000000000000E+00   1.110671402200000E-01   5.102073552300000E-02
  -1.210506311700000E+00   9.914825411000000E-01   9.856524576100000E-01   0.000000000000000E+00   1.073632251500000E-01   4.242072519500000E-02
  -1.210129210900000E+00   9.910254301200000E-01   9.855067491900000E-01   0.000000000000000E+00   1.044406551100000E-01   3.493233594500000E-02
  -1.209827021600000E+00   9.906725534500000E-01   9.853905645800000E-01   0.000000000000000E+00   1.021642961200000E-01   2.829939125900000E-02
  -1.209591352000000E+00   9.904051647900000E-01   9.853002781500000E-01   0.000000000000000E+00   1.004278463200000E-01   2.233464243900000E-02
  -1.209414539500000E+00   9.902088487200000E-01   9.852327120800000E-01   0.000000000000000E+00   9.914669502700001E-02   1.690033431500000E-02
  -1.209289640900000E+00   9.900723182800000E-01   9.851850678700000E-01   0.000000000000000E+00   9.825262068100001E-02   1.189716126100000E-02
  -1.209210312700000E+00   9.899865030300000E-01   9.851548416600000E-01   0.000000000000000E+00   9.768937573700000E-02   7.261569445700000E-03
  -1.209170452800000E+00   9.899436438600000E-01   9.851396638300000E-01   0.000000000000000E+00   9.740770381000000E-02   2.979753985400000E-03
  -1.209163209100000E+00   9.899358736400000E-01   9.851369062799999E-01   0.000000000000000E+00   9.735661153800000E-02   9.830047818300000E-04
  -1.209162823900000E+00   9.899354605900000E-01   9.851367596400000E-01   0.000000000000000E+00   9.735389534699999E-02  -7.394440112300000E-04
  -1.209170339600000E+00   9.899435224000001E-01   9.851396207400001E-01   0.000000000000000E+00   9.740690520299999E-02  -2.958814682200000E-03
  -1.209188617300000E+00   9.899631537000000E-01   9.851465796900000E-01   0.000000000000000E+00   9.753595345299999E-02  -5.366393806200000E-03
  -1.209219170000000E+00   9.899960504200001E-01   9.851582152600000E-01   0.000000000000000E+00   9.775208826600000E-02  -7.908524668100001E-03
  -1.209263171800000E+00   9.900436075900000E-01   9.851749794800000E-01   0.000000000000000E+00   9.806428877600000E-02  -1.056779678300000E-02
  -1.209321633600000E+00   9.901071241000000E-01   9.851972655000000E-01   0.000000000000000E+00   9.848078621700000E-02  -1.333965193700000E-02
  -1.209395474000000E+00   9.901878941600000E-01   9.852254349000000E-01   0.000000000000000E+00   9.900963678300000E-02  -1.622604498300000E-02
  -1.209485540800000E+00   9.902872490700000E-01   9.852598270500000E-01   0.000000000000000E+00   9.965896287200000E-02  -1.923308497100000E-02
  -1.209592630100000E+00   9.904065970700000E-01   9.853007670800000E-01   0.000000000000000E+00   1.004371739900000E-01  -2.237004472900000E-02
  -1.209717488000000E+00   9.905474485300000E-01   9.853485679700000E-01   0.000000000000000E+00   1.013530828300000E-01  -2.564896719500000E-02
  -1.209860815900000E+00   9.907114475700000E-01   9.854035338800000E-01   0.000000000000000E+00   1.024160522500000E-01  -2.908458881600000E-02
  -1.210023269800000E+00   9.909004019700000E-01   9.854659618300000E-01   0.000000000000000E+00   1.036361167800000E-01  -3.269446454000000E-02
  -1.210205468200000E+00   9.911163286100000E-01   9.855361469500000E-01   0.000000000000000E+00   1.050241872300000E-01  -3.649924946300000E-02
  -1.210407985600000E+00   9.913614897200000E-01   9.856143829300000E-01   0.000000000000000E+00   1.065921735000000E-01  -4.052311943300000E-02
  -1.210631362100000E+00   9.916384579600001E-01   9.857009695300000E-01   0.000000000000000E+00   1.083532647000000E-01  -4.479433970000000E-02
  -1.210876100600000E+00   9.919501802000000E-01   9.857962163700000E-01   0.000000000000000E+00   1.103221637000000E-01  -4.934599418800000E-02
  -1.211142666300000E+00   9.923000612100000E-01   9.859004492800000E-01   0.000000000000000E+00   1.125154015500000E-01  -5.421690588000000E-02
  -1.211431483900000E+00   9.926920678100000E-01   9.860140178500000E-01   0.000000000000000E+00   1.149517207000000E-01  -5.945278615700000E-02
  -1.211742929800000E+00   9.931308576900000E-01   9.861373038700000E-01   0.000000000000000E+00   1.176525325400000E-01  -6.510766119200000E-02
  -1.212077308800000E+00   9.936219289100000E-01   9.862707278700000E-01   0.000000000000000E+00   1.206424011700000E-01  -7.124562966200000E-02
  -1.212434818800000E+00   9.941718073200000E-01   9.864147566900000E-01   0.000000000000000E+00   1.239496279400000E-01  -7.794301583400000E-02
  -1.212815488000000E+00   9.947882659500000E-01   9.865699077900000E-01   0.000000000000000E+00   1.276068615500000E-01  -8.529097101800000E-02
  -1.213219076900000E+00   9.954805855400000E-01   9.867367506900000E-01   0.000000000000000E+00   1.316517414300000E-01  -9.339855391800000E-02
  -1.213644920800000E+00   9.962598384300000E-01   9.869158988800000E-01   0.000000000000000E+00   1.361274190500000E-01  -1.023962415700000E-01
  -1.214091693500000E+00   9.971391891100000E-01   9.871079906300000E-01   0.000000000000000E+00   1.410828738200000E-01  -1.124396746600000E-01
  -1.214557058000000E+00   9.981341545300000E-01   9.873136482900000E-01   0.000000000000000E+00   1.465726794200000E-01  -1.237131305100000E-01
  -1.215037166700000E+00   9.992627378700000E-01   9.875334068300000E-01   0.000000000000000E+00   1.526557882100000E-01  -1.364316886100000E-01
  -1.215525981700000E+00   1.000545263400000E+00   9.877675971600000E-01   0.000000000000000E+00   1.593925914100000E-01  -1.508402133100000E-01
  -1.216014425100000E+00   1.002003672900000E+00   9.880161755200000E-01   0.000000000000000E+00   1.668394362200000E-01  -1.672062270300000E-01
  -1.216489456100000E+00   1.003659969200000E+00   9.882785005400000E-01   0.000000000000000E+00   1.750398216600000E-01  -1.858029515100000E-01
  -1.216933332600000E+00   1.005533588000000E+00   9.885530935200000E-01   0.000000000000000E+00   1.840124396100000E-01  -2.068795744500000E-01
  -1.217323498300000E+00   1.007637863600000E+00   9.888374682500000E-01   0.000000000000000E+00   1.937382912400000E-01  -2.306200455100000E-01
  -1.217633569100000E+00   1.009976455900000E+00   9.891281543500000E-01   0.000000000000000E+00   2.041517468300000E-01  -2.570999724100000E-01
  -1.217835563700000E+00   1.012541260200000E+00   9.894210083200000E-01   0.000000000000000E+00   2.151415161200000E-01  -2.862590817600000E-01
  -1.217903051900000E+00   1.015168991900000E+00   9.896972425700000E-01   0.000000000000000E+00   2.259810834800000E-01  -3.162567358500000E-01
  -1.217821316800000E+00   1.018112571100000E+00   9.899824974800000E-01   0.000000000000000E+00   2.376717528500000E-01  -3.499985472500000E-01
  -1.217565561700000E+00   1.021207802600000E+00   9.902591043400000E-01   0.000000000000000E+00   2.495040726600000E-01  -3.856243585000000E-01
  -1.217123526800000E+00   1.024425502300000E+00   9.905251389000000E-01   0.000000000000000E+00   2.613571481700000E-01  -4.228049743200000E-01
  -1.216487485600000E+00   1.027739766400000E+00   9.907795976200000E-01   0.000000000000000E+00   2.731388226300000E-01  -4.612438618500000E-01
  -1.215653074300000E+00   1.031128952100000E+00   9.910221843900000E-01   0.000000000000000E+00   2.847840339000000E-01  -5.006905034000000E-01
  -1.214618208500000E+00   1.034575617800000E+00   9.912530828100000E-01   0.000000000000000E+00   2.962499531100000E-01  -5.409414081100000E-01
  -1.213382253100000E+00   1.038065967900000E+00   9.914727672900000E-01   0.000000000000000E+00   3.075104966100000E-01  -5.818348459600000E-01
  -1.211945452200000E+00   1.041589159200000E+00   9.916818663000000E-01   0.000000000000000E+00   3.185514913600000E-01  -6.232435177000000E-01
  -1.210308568900000E+00   1.045136647100000E+00   9.918810720100000E-01   0.000000000000000E+00   3.293668927600000E-01  -6.650673811600000E-01
  -1.208472667800000E+00   1.048701643300000E+00   9.920710846900000E-01   0.000000000000000E+00   3.399560259800000E-01  -7.072275153799999E-01
  -1.206438994600000E+00   1.052278687700000E+00   9.922525806500000E-01   0.000000000000000E+00   3.503216418000000E-01  -7.496612153300000E-01
  -1.204208911200000E+00   1.055863324900000E+00   9.924261955800000E-01   0.000000000000000E+00   3.604685938700000E-01  -7.923181996600001E-01
  -1.201783866300000E+00   1.059451862700000E+00   9.925925172000000E-01   0.000000000000000E+00   3.704029483300000E-01  -8.351577323200000E-01
  -1.199165386200000E+00   1.063041190800000E+00   9.927520833600000E-01   0.000000000000000E+00   3.801313909800000E-01  -8.781464548300000E-01
  -1.196355074600000E+00   1.066628648700000E+00   9.929053833600000E-01   0.000000000000000E+00   3.896608448100000E-01  -9.212567551900001E-01
  -1.193354619000000E+00   1.070211926200000E+00   9.930528608700000E-01   0.000000000000000E+00   3.989982235800000E-01  -9.644655397300000E-01
  -1.190165797900000E+00   1.073788989700000E+00   9.931949175100000E-01   2.572521117100000E-26   4.081502790700000E-01  -1.007753301400000E+00
  -1.186790488000000E+00   1.077358028200000E+00   9.933319168300000E-01   3.278418061300000E-24   4.171235115700000E-01  -1.051103411500000E+00
  -1.181382190300000E+00   1.082693044100000E+00   9.935286460400000E-01   5.815022894300000E-27   4.302616148800000E-01  -1.116215160400000E+00
  -1.175565946700000E+00   1.088001459100000E+00   9.937157140800000E-01  -7.769593398800000E-26   4.430307603200000E-01  -1.181394947900000E+00
  -1.169349515800000E+00   1.093278955900000E+00   9.938939739000000E-01   5.083951334800000E-27   4.554488379500000E-01  -1.246609711800000E+00
  -1.162741258700000E+00   1.098521685900000E+00   9.940641674800000E-01   8.273816060600000E-27   4.675321650800000E-01  -1.311832162900000E+00
  -1.155750136500000E+00   1.103726188900000E+00   9.942269433100001E-01   1.146368078600000E-26   4.792956137000000E-01  -1.377039619600000E+00
  -1.148385691600000E+00   1.108889337200000E+00   9.943828709200000E-01  -2.164560296200000E-26   4.907527567100000E-01  -1.442213161900000E+00
  -1.140658021300000E+00   1.114008294600000E+00   9.945324529400000E-01  -5.462972565899999E-26   5.019160094700000E-01  -1.507337011800000E+00
  -1.132577739200000E+00   1.119080488700000E+00   9.946761351000000E-01   6.039442272200000E-26   5.127967690500000E-01  -1.572398069800000E+00
  -1.124155933900000E+00   1.124103586800000E+00   9.948143145400000E-01  -1.509610199200000E-25   5.234055343400000E-01  -1.637385555200000E+00
  -1.115404118100000E+00   1.129075480600000E+00   9.949473467400000E-01  -2.217812437800000E-26   5.337520192500000E-01  -1.702290727100000E+00
  -1.106334179500000E+00   1.133994270300000E+00   9.950755512300000E-01  -1.022165599300000E-26   5.438452466800000E-01  -1.767106658200000E+00
  -1.096958326600000E+00   1.138858252900000E+00   9.951992164700000E-01   2.992954845500000E-26   5.536936334000000E-01  -1.831828045600000E+00
  -1.087289035000000E+00   1.143665911600000E+00   9.953186039100000E-01  -4.180245016600000E-23   5.633050630200001E-01  -1.896451052800000E+00
  -1.072638593900000E+00   1.150596216000000E+00   9.954860721100000E-01   1.039774826200000E-25   5.769567856100000E-01  -1.990825065200000E+00
  -1.057427463600000E+00   1.157399522700000E+00   9.956455540100000E-01   2.785365327700000E-26   5.901386157900000E-01  -2.084979950500000E+00
  -1.041696399300000E+00   1.164072961800000E+00   9.957976377400000E-01   9.393571482700001E-26   6.028705707399999E-01  -2.178917173700000E+00
  -1.025486270600000E+00   1.170614303100000E+00   9.959428449700000E-01  -1.616412020900000E-26   6.151712739000000E-01  -2.272642320000000E+00
  -1.008837788900000E+00   1.177021897400000E+00   9.960816411100000E-01   5.951395168600000E-26   6.270581402299999E-01  -2.366164490000000E+00
  -9.917912685500000E-01   1.183294619600000E+00   9.962144435600000E-01  -2.400765575200000E-26   6.385475230100000E-01  -2.459495745500000E+00
  -9.743864177900000E-01   1.189431815100000E+00   9.963416284700000E-01   2.209658491100000E-26   6.496548330500000E-01  -2.552650596200000E+00
  -9.566621643800000E-01   1.195433247700000E+00   9.964635362599999E-01  -4.792290268000000E-24   6.603946325100000E-01  -2.645645529600000E+00
  -9.386565082200000E-01   1.201299051600000E+00   9.965804762400000E-01   1.737700252800000E-23   6.707807135600000E-01  -2.738498574200000E+00
  -9.204064008500000E-01   1.207029686300000E+00   9.966927304200000E-01  -3.688030154900000E-23   6.808261633300000E-01  -2.831228907200000E+00
  -9.019476521399999E-01   1.212625895000000E+00   9.968005567800000E-01  -2.904863014500000E-23   6.905434172900000E-01  -2.923856489800000E+00
  -8.833148527700000E-01   1.218088667600000E+00   9.969041920100000E-01   1.484891896900000E-23   6.999443078399999E-01  -3.016401749200000E+00
  -8.645413189600000E-01   1.223419206600000E+00   9.970038538900000E-01  -3.558984874600000E-23   7.090401048600000E-01  -3.108885283000000E+00
  -8.456590504300000E-01   1.228618896700000E+00   9.970997432800000E-01   3.015519703200000E-23   7.178415529700000E-01  -3.201327607700000E+00
  -8.266987024800000E-01   1.233689278100000E+00   9.971920459100000E-01   3.964567744400000E-23   7.263589047100000E-01  -3.293748931000000E+00
  -8.076895664600000E-01   1.238632023400000E+00   9.972809339399999E-01  -2.120792771100000E-23   7.346019521200000E-01  -3.386168960100000E+00
  -7.886595611400000E-01   1.243448916400000E+00   9.973665672799999E-01   1.640807086700000E-24   7.425800549800000E-01  -3.478606733900000E+00
  -7.696352306699999E-01   1.248141834600000E+00   9.974490948000000E-01   2.252762771500000E-24   7.503021674600000E-01  -3.571080482200000E+00
  -7.506417458700000E-01   1.252712734100000E+00   9.975286553700000E-01  -2.964804134600000E-23   7.577768641700000E-01  -3.663607512300000E+00
  -7.317029141500000E-01   1.257163635900000E+00   9.976053788300000E-01   1.623689004200000E-23   7.650123630300000E-01  -3.756204114500000E+00
  -7.128411911600000E-01   1.261496614700000E+00   9.976793868100000E-01   5.390077249000000E-25   7.720165477499999E-01  -3.848885491000000E+00
  -6.940776934100000E-01   1.265713789500000E+00   9.977507934600000E-01   4.640054373100000E-24   7.787969896600000E-01  -3.941665701600000E+00
  -6.754322186200000E-01   1.269817315100000E+00   9.978197061600000E-01  -4.005999355600000E-24   7.853609664800000E-01  -4.034557629500000E+00
  -6.569232649800000E-01   1.273809374800000E+00   9.978862260800000E-01  -6.634427965600000E-24   7.917154811700000E-01  -4.127572960200000E+00
  -6.385680532300000E-01   1.277692174700000E+00   9.979504487500001E-01  -2.991471466800000E-24   7.978672792200000E-01  -4.220722176500000E+00
  -6.203825510600000E-01   1.281467938400000E+00   9.980124645300000E-01   3.299465956500000E-24   8.038228646400000E-01  -4.314014565000000E+00
  -6.023814993400000E-01   1.285138901900000E+00   9.980723590400000E-01  -5.423790702900000E-24   8.095885148400001E-01  -4.407458234400000E+00
  -5.845784416499999E-01   1.288707310100000E+00   9.981302135700000E-01   1.231649114500000E-23   8.151702938299999E-01  -4.501060143700000E+00
  -5.669857533700000E-01   1.292175412700000E+00   9.981861054000000E-01   1.234997646600000E-23   8.205740650500000E-01  -4.594826138000000E+00
  -5.496146735600000E-01   1.295545461200000E+00   9.982401081400000E-01   1.499635397100000E-23   8.258055028100000E-01  -4.688760993100000E+00
  -5.324753395400000E-01   1.298819705500000E+00   9.982922920100000E-01   1.262385478600000E-23   8.308701023800000E-01  -4.782868465100000E+00
  -5.155768227400001E-01   1.302000391100000E+00   9.983427240700000E-01   1.045289465300000E-23   8.357731891900000E-01  -4.877151344900000E+00
  -4.989271641900000E-01   1.305089756800000E+00   9.983914685000000E-01  -2.366432294200000E-24   8.405199277800000E-01  -4.971611516100000E+00
  -4.825334147200000E-01   1.308090031500000E+00   9.984385867100000E-01   8.135533614100001E-24   8.451153288000000E-01  -5.066250017200000E+00
  -4.664016757800000E-01   1.311003431500000E+00   9.984841376300000E-01   1.586559104900000E-23   8.495642555900000E-01  -5.161067103900000E+00
  -4.505371389300000E-01   1.313832158900000E+00   9.985281777900000E-01  -1.584581239100000E-24   8.538714305900000E-01  -5.256062313900000E+00
  -4.349441297300000E-01   1.316578398300000E+00   9.985707615100000E-01   3.731829810800000E-24   8.580414402800000E-01  -5.351234529000000E+00
  -4.196261497600000E-01   1.319244315100000E+00   9.986119409899999E-01   1.402844171500000E-23   8.620787401700000E-01  -5.446582040400000E+00
  -4.045859207100000E-01   1.321832052900000E+00   9.986517664800000E-01   7.260749471999999E-24   8.659876588500000E-01  -5.542102610800000E+00
  -3.898254290800000E-01   1.324343731300000E+00   9.986902863500000E-01  -1.448671160500000E-24   8.697724016100000E-01  -5.637793533600000E+00
  -3.753459706100000E-01   1.326781444000000E+00   9.987275471700000E-01  -1.708293823200000E-23   8.734370537100000E-01  -5.733651691900000E+00
  -3.611481920100000E-01   1.329147257000000E+00   9.987635938400000E-01  -5.243825829600000E-24   8.769855839400000E-01  -5.829673615300000E+00
  -3.472321394200000E-01   1.331443205800000E+00   9.987984696200000E-01  -1.155387103200000E-23   8.804218462100000E-01  -5.925855530500000E+00
  -3.335972959300000E-01   1.333671294700000E+00   9.988322162300000E-01  -2.824336355500000E-25   8.837495833900000E-01  -6.022193413200000E+00
  -3.202426276200000E-01   1.335833494800000E+00   9.988648739000000E-01  -1.655964433700000E-24   8.869724287800000E-01  -6.118683031800000E+00
  -3.071666252000000E-01   1.337931741900000E+00   9.988964814400000E-01  -9.208618132800000E-24   8.900939081400000E-01  -6.215319993400000E+00
  -2.943673424700000E-01   1.339967936000000E+00   9.989270762700000E-01  -6.107485473800000E-24   8.931174422800000E-01  -6.312099780800000E+00
  -2.818424359600000E-01   1.341943939500000E+00   9.989566945100000E-01   4.154301019300000E-24   8.960463488400000E-01  -6.409017790600000E+00
  -2.695892026500000E-01   1.343861576500000E+00   9.989853709700000E-01   2.210701036200000E-24   8.988838441700000E-01  -6.506069364000000E+00
  -2.576046162800000E-01   1.345722631400000E+00   9.990131392500000E-01  -1.598028873200000E-24   9.016330452100000E-01  -6.603249818100000E+00
  -2.458853617300000E-01   1.347528848400000E+00   9.990400317400000E-01   1.016721652200000E-23   9.042969713400000E-01  -6.700554471300000E+00
  -2.344278667600000E-01   1.349281931200000E+00   9.990660796900001E-01   4.573254316500000E-24   9.068785465400000E-01  -6.797978666200000E+00
  -2.232283342800000E-01   1.350983541600000E+00   9.990913132200000E-01  -4.915744896000000E-24   9.093806009900000E-01  -6.895517790600000E+00
  -2.122827699400000E-01   1.352635300200000E+00   9.991157613800000E-01  -3.933838128500000E-24   9.118058733500000E-01  -6.993167295500000E+00
  -2.015870113300000E-01   1.354238785500000E+00   9.991394521700000E-01   2.003119128600000E-24   9.141570123000000E-01  -7.090922709400000E+00
  -1.911367528200000E-01   1.355795533900000E+00   9.991624125800000E-01  -2.060599622800000E-24   9.164365787700000E-01  -7.188779651800000E+00
  -1.809275688900000E-01   1.357307040000000E+00   9.991846686100000E-01  -4.820601136600000E-24   9.186470479900000E-01  -7.286733843800000E+00
  -1.709549373600000E-01   1.358774756500000E+00   9.992062453100000E-01  -1.362676565700000E-24   9.207908113300000E-01  -7.384781117100000E+00
  -1.612142585400000E-01   1.360200094700000E+00   9.992271668300000E-01  -1.221027373000000E-24   9.228701786700000E-01  -7.482917420100000E+00
  -1.517008761300000E-01   1.361584424400000E+00   9.992474564200000E-01  -3.610829145700000E-26   9.248873800100000E-01  -7.581138824800000E+00
  -1.424100926600000E-01   1.362929074900000E+00   9.992671364700000E-01   1.110990158100000E-24   9.268445679800000E-01  -7.679441529600000E+00
  -1.333371860400000E-01   1.364235335000000E+00   9.992862285300000E-01  -2.576852427100000E-24   9.287438197900000E-01  -7.777821862100000E+00
  -1.244774247400000E-01   1.365504453900000E+00   9.993047533700000E-01   5.917830921400000E-24   9.305871391700000E-01  -7.876276281500000E+00
  -1.158260782200000E-01   1.366737642000000E+00   9.993227309700000E-01   2.886863122200000E-24   9.323764590200000E-01  -7.974801378400000E+00
  -1.073784322300000E-01   1.367936070900000E+00   9.993401805700000E-01   2.373565297200000E-25   9.341136427700000E-01  -8.073393874600001E+00
  -9.912979815900000E-02   1.369100874900000E+00   9.993571206800000E-01   4.902134483400000E-24   9.358004867700001E-01  -8.172050622900001E+00
  -9.107551992800000E-02   1.370233151600000E+00   9.993735691200000E-01  -6.343661751700000E-25   9.374387228300000E-01  -8.270768604700001E+00
  -8.321098603600000E-02   1.371333962400000E+00   9.993895430300000E-01   1.543939992700000E-25   9.390300195600000E-01  -8.369544928000000E+00
  -7.553163531100000E-02   1.372404333600000E+00   9.994050589100000E-01   1.168931823700000E-24   9.405759847500000E-01  -8.468376825200000E+00
  -6.803296335600000E-02   1.373445257300000E+00   9.994201326300000E-01   4.455488023300000E-25   9.420781673500001E-01  -8.567261649700001E+00
  -6.071052813800000E-02   1.374457692400000E+00   9.994347794600000E-01   1.249351127200000E-24   9.435380594900000E-01  -8.666196872900001E+00
  -5.355995432700000E-02   1.375442565100000E+00   9.994490141000000E-01  -3.662319047000000E-25   9.449570985100000E-01  -8.765180080800000E+00
  -4.657694101900000E-02   1.376400769900000E+00   9.994628506800000E-01  -1.263054789700000E-25   9.463366681399999E-01  -8.864208970500000E+00
  -3.975725903500000E-02   1.377333171100000E+00   9.994763027900000E-01  -1.916659228200000E-24   9.476781016300000E-01  -8.963281346000000E+00
  -3.309675951900000E-02   1.378240602800000E+00   9.994893835200001E-01   1.231006421800000E-24   9.489826824099999E-01  -9.062395114599999E+00
  -2.659137372900000E-02   1.379123870500000E+00   9.995021054600000E-01  -2.465832320900000E-24   9.502516463900000E-01  -9.161548283400000E+00
  -2.023711389800000E-02   1.379983751800000E+00   9.995144807100000E-01   9.100426779300000E-25   9.514861838699999E-01  -9.260738954800001E+00
  -1.403007806000000E-02   1.380820996900000E+00   9.995265209100000E-01   4.281710424600000E-25   9.526874406100000E-01  -9.359965323200001E+00
  -7.966447848900000E-03   1.381636330100000E+00   9.995382372900000E-01  -5.928179887700000E-25   9.538565200200000E-01  -9.459225670500000E+00
  -2.042491120000000E-03   1.382430450100000E+00   9.995496406200000E-01  -3.964248667400000E-25   9.549944844300000E-01  -9.558518363199999E+00
   3.745439470400000E-03   1.383204031400000E+00   9.995607412800001E-01   1.008101082400000E-24   9.561023569600000E-01  -9.657841848100000E+00
   9.400904541200000E-03   1.383957724600000E+00   9.995715492600000E-01  -1.222238766800000E-25   9.571811226100000E-01  -9.757194648500001E+00
   1.492737938000000E-02   1.384692157600000E+00   9.995820741600000E-01   9.136648663600001E-25   9.582317300099999E-01  -9.856575361399999E+00
   2.032825391700000E-02   1.385407936100000E+00   9.995923252400000E-01  -3.767919905600000E-25   9.592550926300000E-01  -9.955982653600000E+00
   2.560683337600000E-02   1.386105644500000E+00   9.996023113900000E-01  -3.611121882500000E-25   9.602520902400000E-01  -1.005541525800000E+01
   3.076633902700000E-02   1.386785846700000E+00   9.996120411900000E-01   1.561253734500000E-25   9.612235701200000E-01  -1.015487197300000E+01
   3.580990980100000E-02   1.387449086800000E+00   9.996215228799999E-01  -9.339757362200000E-25   9.621703484700000E-01  -1.025435165300000E+01
   4.074060174600000E-02   1.388095889700000E+00   9.996307644100000E-01  -6.715232533400000E-25   9.630932113500000E-01  -1.035385321500000E+01
   4.556139171100000E-02   1.388726761900000E+00   9.996397734400000E-01  -4.829713790000000E-25   9.639929162200001E-01  -1.045337562600000E+01
   5.027517648000000E-02   1.389342192200000E+00   9.996485573200000E-01  -2.182707323300000E-25   9.648701927800000E-01  -1.055291790800000E+01

