   2.800826021700000E-01   1.417773115100000E+00   1.000049781700000E+00   0.000000000000000E+00   1.004978129100000E+00   1.750000000000000E+00
   2.803154684900000E-01   1.417800494300000E+00   1.000050164200000E+00   6.855268747200001E-26   1.005016373400000E+00   1.751812189000000E+00
   2.805479144400000E-01   1.417827821400000E+00   1.000050545900000E+00  -6.927766052000000E-23   1.005054544300000E+00   1.753624116900000E+00
   2.810107495800000E-01   1.417882226100000E+00   1.000051305800000E+00  -6.723597177000000E-25   1.005130535200000E+00   1.757247469200000E+00
   2.816999031200000E-01   1.417963214200000E+00   1.000052437000000E+00  -9.829734806300001E-25   1.005243652100000E+00   1.762681293700000E+00
   2.827222816200000E-01   1.418083319500000E+00   1.000054114500000E+00   7.161102835900000E-25   1.005411393000000E+00   1.770829169400000E+00
   2.842307099100000E-01   1.418260430900000E+00   1.000056587900000E+00  -2.610645861900000E-25   1.005658724800000E+00   1.783044043400000E+00
   2.864381201700000E-01   1.418519412700000E+00   1.000060204100000E+00   1.867549869800000E-23   1.006020334000000E+00   1.801349093400000E+00
   2.896293400100000E-01   1.418893399300000E+00   1.000065425000000E+00  -2.090426373100000E-23   1.006542410600000E+00   1.828762509300000E+00
   2.941605540800000E-01   1.419423574200000E+00   1.000072824300000E+00   1.493707413300000E-26   1.007282298600000E+00   1.869766456200000E+00
   2.984062481800000E-01   1.419919441400000E+00   1.000079742400000E+00  -1.709518410500000E-25   1.007974071600000E+00   1.910617150600000E+00
   3.023875368300000E-01   1.420383640100000E+00   1.000086216700000E+00   9.239002365200000E-27   1.008621457300000E+00   1.951291105600000E+00
   3.061239668400000E-01   1.420818598600000E+00   1.000092281400000E+00  -2.335299190700000E-26   1.009227882500000E+00   1.991767493700000E+00
   3.096336086300000E-01   1.421226549800000E+00   1.000097968100000E+00  -7.599424466500000E-26   1.009796494500000E+00   2.032028021300000E+00
   3.129331512700000E-01   1.421609545500000E+00   1.000103305500000E+00   2.896705095800000E-27   1.010330182800000E+00   2.072056836300000E+00
   3.160380047700000E-01   1.421969471400000E+00   1.000108320200000E+00   7.924360165900000E-26   1.010831600800000E+00   2.111840474200000E+00
   3.189623905000000E-01   1.422308060200000E+00   1.000113036700000E+00   3.678212750400000E-27   1.011303185100000E+00   2.151367822500000E+00
   3.217194378800000E-01   1.422626905600000E+00   1.000117477100000E+00  -2.465677225600000E-26   1.011747174200000E+00   2.190630108000000E+00
   3.243212685300000E-01   1.422927473100000E+00   1.000121662300000E+00  -3.088607016000000E-27   1.012165626000000E+00   2.229620885200000E+00
   3.267790806000000E-01   1.423211112100000E+00   1.000125610900000E+00  -3.651044717900000E-27   1.012560433800000E+00   2.268336032800000E+00
   3.291032180600000E-01   1.423479065000000E+00   1.000129340600000E+00   2.363924680400000E-26   1.012933339600000E+00   2.306773740000000E+00
   3.313032469100000E-01   1.423732477300000E+00   1.000132867300000E+00  -1.684418081100000E-26   1.013285949000000E+00   2.344934489200000E+00
   3.333880124100000E-01   1.423972405000000E+00   1.000136205800000E+00   1.480894568200000E-26   1.013619741400000E+00   2.382821024700000E+00
   3.353656992500000E-01   1.424199823100000E+00   1.000139369800000E+00   1.500819742600000E-26   1.013936081400000E+00   2.420438302600000E+00
   3.372438820000000E-01   1.424415631300000E+00   1.000142371900000E+00  -4.696101493800000E-27   1.014236228200000E+00   2.457793429700000E+00
   3.390295754800000E-01   1.424620661000000E+00   1.000145223700000E+00  -2.242133941100000E-27   1.014521344900000E+00   2.494895584900000E+00
   3.407292737400000E-01   1.424815680100000E+00   1.000147935800000E+00  -1.337210489100000E-26   1.014792505300000E+00   2.531755921200000E+00
   3.423489920800000E-01   1.425001398800000E+00   1.000150518400000E+00   3.726738652800000E-26   1.015050701700000E+00   2.568387453700000E+00
   3.438943028000000E-01   1.425178473300000E+00   1.000152980400000E+00  -1.384029248100000E-26   1.015296851400000E+00   2.604804941100000E+00
   3.453703672700000E-01   1.425347510500000E+00   1.000155330500000E+00  -2.012745452500000E-26   1.015531801900000E+00   2.641024745900000E+00
   3.467819640900000E-01   1.425509071600000E+00   1.000157576400000E+00  -6.038168778200000E-27   1.015756336700000E+00   2.677064692200000E+00
   3.481335188800000E-01   1.425663675200000E+00   1.000159725400000E+00  -2.708829469800000E-26   1.015971180000000E+00   2.712943912500000E+00
   3.494291280800000E-01   1.425811800800000E+00   1.000161784100000E+00   3.282512091000000E-26   1.016177000700000E+00   2.748682698600000E+00
   3.506725823700000E-01   1.425953891500000E+00   1.000163758800000E+00   4.442863888900000E-27   1.016374417300000E+00   2.784302331500000E+00
   3.518673874600000E-01   1.426090356500000E+00   1.000165655200000E+00   1.050496286900000E-27   1.016564000500000E+00   2.819824932100000E+00
   3.530167851600000E-01   1.426221574000000E+00   1.000167478400000E+00   2.552858702600000E-27   1.016746277700000E+00   2.855273288800000E+00
   3.541237682300000E-01   1.426347892500000E+00   1.000169233500000E+00  -4.235683214900000E-26   1.016921734800000E+00   2.890670703100000E+00
   3.551911023100000E-01   1.426469633800000E+00   1.000170924800000E+00  -6.340586129900000E-27   1.017090820600000E+00   2.926040825700000E+00
   3.562213354800000E-01   1.426587094400000E+00   1.000172556600000E+00   1.546766745300000E-26   1.017253948100000E+00   2.961407492600000E+00
   3.572168172200000E-01   1.426700547100000E+00   1.000174132600000E+00  -3.116456895300000E-27   1.017411497600000E+00   2.996794571100000E+00
   3.581797099400000E-01   1.426810242900000E+00   1.000175656300000E+00   9.067239084299999E-27   1.017563819100000E+00   3.032225798200000E+00
   3.591120007700000E-01   1.426916412500000E+00   1.000177130900000E+00   9.363031826200000E-27   1.017711233700000E+00   3.067724625400000E+00
   3.600155145500000E-01   1.427019267500000E+00   1.000178559300000E+00   2.723571949100000E-26   1.017854036300000E+00   3.103314059600000E+00
   3.608919235700000E-01   1.427119001600000E+00   1.000179944400000E+00   6.075930374100000E-27   1.017992496800000E+00   3.139016510900000E+00
   3.617427580000000E-01   1.427215792200000E+00   1.000181288500000E+00  -5.172557932000000E-27   1.018126862300000E+00   3.174853640100000E+00
   3.625694157300000E-01   1.427309801200000E+00   1.000182593900000E+00   9.604073040400000E-27   1.018257358200000E+00   3.210846215800000E+00
   3.633731699900000E-01   1.427401176000000E+00   1.000183862600000E+00  -1.111486104800000E-27   1.018384189900000E+00   3.247013957200000E+00
   3.641551789800000E-01   1.427490050800000E+00   1.000185096600000E+00  -1.238556719000000E-26   1.018507544300000E+00   3.283375407700000E+00
   3.649164970500000E-01   1.427576547700000E+00   1.000186297500000E+00  -5.127649361700000E-27   1.018627591300000E+00   3.319947804900000E+00
   3.656580736900000E-01   1.427660776600000E+00   1.000187466800000E+00   3.634251396200000E-26   1.018744484200000E+00   3.356746947800000E+00
   3.663807721300000E-01   1.427742837500000E+00   1.000188606000000E+00   3.529298531600000E-26   1.018858362300000E+00   3.393787103300000E+00
   3.670853684500000E-01   1.427822820300000E+00   1.000189716300000E+00   8.434999124400000E-26   1.018969350700000E+00   3.431080905500000E+00
   3.677725613000000E-01   1.427900806200000E+00   1.000190798800000E+00  -1.806964811000000E-26   1.019077562500000E+00   3.468639278500000E+00
   3.684429821500000E-01   1.427976868200000E+00   1.000191854500000E+00  -2.407933258200000E-26   1.019183099500000E+00   3.506471387100000E+00
   3.690971953600000E-01   1.428051072100000E+00   1.000192884400000E+00  -3.709275658800000E-26   1.019286053200000E+00   3.544584597100000E+00
   3.697357122100000E-01   1.428123477000000E+00   1.000193889400000E+00   4.853356095600000E-26   1.019386506400000E+00   3.582984462800000E+00
   3.703589900500000E-01   1.428194136400000E+00   1.000194870000000E+00   7.698961973300000E-26   1.019484533100000E+00   3.621674742200000E+00
   3.709674446400000E-01   1.428263098500000E+00   1.000195827000000E+00   2.630105914400000E-27   1.019580201000000E+00   3.660657433100000E+00
   3.715614522000000E-01   1.428330407300000E+00   1.000196761100000E+00   2.862899981300000E-26   1.019673571000000E+00   3.699932831600000E+00
   3.721413562100000E-01   1.428396102700000E+00   1.000197672700000E+00  -1.777283198100000E-25   1.019764699200000E+00   3.739499615500000E+00
   3.727074730200000E-01   1.428460221700000E+00   1.000198562500000E+00  -2.445745437800000E-25   1.019853636900000E+00   3.779354944000000E+00
   3.732600956100000E-01   1.428522798600000E+00   1.000199430800000E+00   5.333095035300000E-26   1.019940432000000E+00   3.819494580100000E+00
   3.737994996800000E-01   1.428583865500000E+00   1.000200278100000E+00   3.096634948600000E-26   1.020025129400000E+00   3.859913022100000E+00
   3.743259454500000E-01   1.428643452900000E+00   1.000201104800000E+00   1.077542123200000E-25   1.020107771400000E+00   3.900603647900000E+00
   3.748396831900000E-01   1.428701590000000E+00   1.000201911400000E+00   3.969398190200000E-26   1.020188399000000E+00   3.941558861800000E+00
   3.753409537900000E-01   1.428758304900000E+00   1.000202698300000E+00  -1.319964116900000E-25   1.020267051400000E+00   3.982770252100000E+00
   3.758299941300000E-01   1.428813625200000E+00   1.000203465700000E+00   8.275973822000000E-23   1.020343767000000E+00   4.024228738000000E+00
   3.765411100600000E-01   1.428894047900000E+00   1.000204581400000E+00  -2.226012438300000E-26   1.020455288300000E+00   4.086856632200000E+00
   3.772260174500000E-01   1.428971485200000E+00   1.000205655600000E+00   5.420954485600000E-26   1.020562664400000E+00   4.149985289200000E+00
   3.778854964300000E-01   1.429046027900000E+00   1.000206689600000E+00   7.523055043900000E-26   1.020666021700000E+00   4.213579837100000E+00
   3.785203317300000E-01   1.429117766800000E+00   1.000207684700000E+00   4.071043275700000E-26   1.020765486700000E+00   4.277605282300000E+00
   3.791313140800000E-01   1.429186793300000E+00   1.000208642100000E+00   2.854666254400000E-26   1.020861186700000E+00   4.342027204000000E+00
   3.797192407500000E-01   1.429253199500000E+00   1.000209563200000E+00   2.315459069700000E-27   1.020953249700000E+00   4.406812299400000E+00
   3.802849136800000E-01   1.429317077600000E+00   1.000210449100000E+00  -1.952139270100000E-27   1.021041804200000E+00   4.471928793200000E+00
   3.808291350900000E-01   1.429378520000000E+00   1.000211301200000E+00   2.495344241400000E-26   1.021126978600000E+00   4.537346715400000E+00
   3.813527065500000E-01   1.429437618600000E+00   1.000212120800000E+00   3.202194657000000E-26   1.021208900700000E+00   4.603038077100000E+00
   3.818564198900000E-01   1.429494464300000E+00   1.000212909100000E+00  -5.517608101700000E-26   1.021287696900000E+00   4.668976953600000E+00
   3.823410590200000E-01   1.429549146800000E+00   1.000213667400000E+00   1.296584674000000E-27   1.021363491900000E+00   4.735139497000000E+00
   3.828073932900000E-01   1.429601754100000E+00   1.000214396900000E+00  -4.266646097800000E-23   1.021436408000000E+00   4.801503897300000E+00
   3.834582988700000E-01   1.429675167000000E+00   1.000215414900000E+00   6.189806059400000E-27   1.021538157300000E+00   4.898930016400000E+00
   3.840739048100000E-01   1.429744581300000E+00   1.000216377400000E+00  -1.327451881000000E-26   1.021634360300000E+00   4.996691210800000E+00
   3.846563889800000E-01   1.429810245500000E+00   1.000217287800000E+00   1.757821397800000E-26   1.021725362000000E+00   5.094739960000000E+00
   3.852078215000000E-01   1.429872395400000E+00   1.000218149500000E+00  -3.281895219200000E-26   1.021811489700000E+00   5.193035546800000E+00
   3.857301583500000E-01   1.429931253700000E+00   1.000218965500000E+00  -1.420482331500000E-26   1.021893052800000E+00   5.291543194700000E+00
   3.862252384400000E-01   1.429987029500000E+00   1.000219738800000E+00   3.815725577200000E-23   1.021970341400000E+00   5.390233258800000E+00
   3.866947885800000E-01   1.430039919200000E+00   1.000220472000000E+00   6.405113828400000E-24   1.022043628100000E+00   5.489080493700000E+00
   3.871404217800000E-01   1.430090105900000E+00   1.000221167700000E+00   3.009991347800000E-23   1.022113167200000E+00   5.588063404500000E+00
   3.875636452400000E-01   1.430137760700000E+00   1.000221828300000E+00  -2.324286576600000E-23   1.022179196000000E+00   5.687163682200000E+00
   3.879658635400000E-01   1.430183043100000E+00   1.000222456000000E+00   1.715079672600000E-24   1.022241935700000E+00   5.786365716300000E+00
   3.883483838100000E-01   1.430226101200000E+00   1.000223052900000E+00  -1.820958648200000E-24   1.022301592000000E+00   5.885656180200000E+00
   3.887124238300000E-01   1.430267073200000E+00   1.000223620800000E+00  -3.145737273000000E-24   1.022358356400000E+00   5.985023678300000E+00
   3.890591143700000E-01   1.430306087100000E+00   1.000224161600000E+00   5.406422506300000E-25   1.022412406600000E+00   6.084458448400000E+00
   3.893895086800000E-01   1.430343262200000E+00   1.000224676900000E+00  -2.728623978000000E-24   1.022463908100000E+00   6.183952110600000E+00
   3.897045850600000E-01   1.430378709300000E+00   1.000225168200000E+00   2.711453682800000E-24   1.022513014600000E+00   6.283497455800000E+00
   3.900052541600000E-01   1.430412531500000E+00   1.000225637000000E+00  -1.448731687600000E-24   1.022559868900000E+00   6.383088269100000E+00
   3.902923623000000E-01   1.430444824500000E+00   1.000226084500000E+00   2.322246407700000E-24   1.022604603900000E+00   6.482719179500000E+00
   3.905666975100000E-01   1.430475677500000E+00   1.000226512200000E+00   2.029770254200000E-24   1.022647343100000E+00   6.582385534900000E+00
   3.908289940200000E-01   1.430505173500000E+00   1.000226921000000E+00   1.279802478600000E-25   1.022688201800000E+00   6.682083296400000E+00
   3.910799354400000E-01   1.430533389700000E+00   1.000227312000000E+00  -5.432850288300000E-24   1.022727287000000E+00   6.781808949300000E+00
   3.913201579400000E-01   1.430560398200000E+00   1.000227686300000E+00   7.337667532900000E-25   1.022764698400000E+00   6.881559427700000E+00
   3.915502564900000E-01   1.430586265900000E+00   1.000228044800000E+00  -2.130128073900000E-24   1.022800529300000E+00   6.981332051000000E+00
   3.917707851200000E-01   1.430611055700000E+00   1.000228388400000E+00  -9.027385364200001E-25   1.022834866400000E+00   7.081124470600000E+00
   3.919822619200000E-01   1.430634825900000E+00   1.000228717800000E+00  -1.591977412300000E-24   1.022867790700000E+00   7.180934623400000E+00
   3.921851722100000E-01   1.430657631500000E+00   1.000229033800000E+00  -6.480821756500000E-25   1.022899378400000E+00   7.280760693800000E+00
   3.923799665300000E-01   1.430679523100000E+00   1.000229337200000E+00  -6.705843913300000E-25   1.022929699900000E+00   7.380601080100000E+00
   3.925670700300000E-01   1.430700548900000E+00   1.000229628600000E+00   1.551294858800000E-24   1.022958821600000E+00   7.480454366200000E+00
   3.927468786200000E-01   1.430720753400000E+00   1.000229908500000E+00   1.583671990800000E-24   1.022986805500000E+00   7.580319298100000E+00
   3.929197638900000E-01   1.430740178700000E+00   1.000230177700000E+00  -6.975154594100000E-25   1.023013709800000E+00   7.680194762400000E+00
   3.930860756100000E-01   1.430758864100000E+00   1.000230436700000E+00  -1.167721166900000E-25   1.023039589100000E+00   7.780079769000000E+00
   3.932461402000000E-01   1.430776846500000E+00   1.000230685900000E+00  -4.438404516200000E-26   1.023064494400000E+00   7.879973435500000E+00
   3.934002650500000E-01   1.430794160600000E+00   1.000230925800000E+00   1.216970230900000E-24   1.023088473700000E+00   7.979874974300000E+00
   3.935487391800000E-01   1.430810838900000E+00   1.000231156900000E+00  -1.297924031600000E-24   1.023111572300000E+00   8.079783680800000E+00
   3.936918347100000E-01   1.430826912100000E+00   1.000231379600000E+00  -2.078637461900000E-25   1.023133832700000E+00   8.179698923700000E+00
   3.938298069400000E-01   1.430842408900000E+00   1.000231594300000E+00   1.658665717200000E-25   1.023155294600000E+00   8.279620136200000E+00
   3.939628955200000E-01   1.430857356500000E+00   1.000231801500000E+00   1.906334800200000E-24   1.023175995600000E+00   8.379546809000001E+00
   3.940913290000000E-01   1.430871780500000E+00   1.000232001300000E+00   6.593072710800000E-25   1.023195971300000E+00   8.479478483099999E+00
   3.942153201200000E-01   1.430885704900000E+00   1.000232194300000E+00   5.823236366800000E-25   1.023215254900000E+00   8.579414744599999E+00
   3.943350717100000E-01   1.430899152500000E+00   1.000232380600000E+00  -1.141384959300000E-25   1.023233878200000E+00   8.679355219500000E+00
   3.944507734100000E-01   1.430912144800000E+00   1.000232560600000E+00  -1.514128961400000E-24   1.023251870600000E+00   8.779299569399999E+00
   3.945626051300000E-01   1.430924701900000E+00   1.000232734600000E+00  -8.629527256699999E-25   1.023269260400000E+00   8.879247487700001E+00
   3.946707382000000E-01   1.430936843300000E+00   1.000232902800000E+00   9.272822241900000E-25   1.023286074100000E+00   8.979198695899999E+00
   3.947753326900000E-01   1.430948586800000E+00   1.000233065600000E+00  -2.890364376000000E-25   1.023302336800000E+00   9.079152941300000E+00
   3.948765416700000E-01   1.430959949700000E+00   1.000233223000000E+00  -8.745494448700000E-25   1.023318072400000E+00   9.179109993499999E+00
   3.949745078200000E-01   1.430970948200000E+00   1.000233375400000E+00  -2.259571962100000E-26   1.023333303100000E+00   9.279069642900000E+00
   3.950693696500000E-01   1.430981597700000E+00   1.000233522900000E+00   2.120012936000000E-26   1.023348050600000E+00   9.379031697900000E+00
   3.951612558000000E-01   1.430991912800000E+00   1.000233665900000E+00   2.013468856300000E-25   1.023362334800000E+00   9.478995983600001E+00
   3.952502894000000E-01   1.431001907300000E+00   1.000233804300000E+00   3.321637348200000E-25   1.023376175000000E+00   9.578962340200000E+00
   3.953365872300000E-01   1.431011594400000E+00   1.000233938600000E+00  -4.139920411900000E-25   1.023389589300000E+00   9.678930620999999E+00
   3.954202594700000E-01   1.431020986500000E+00   1.000234068700000E+00  -3.337208807700000E-25   1.023402595100000E+00   9.778900691600001E+00
   3.955014123100000E-01   1.431030095400000E+00   1.000234194900000E+00  -2.950361079400000E-25   1.023415208700000E+00   9.878872428699999E+00
   3.955801449000000E-01   1.431038932500000E+00   1.000234317300000E+00  -1.009265681800000E-25   1.023427445700000E+00   9.978845718900001E+00
   3.955965032100000E-01   1.431040768500000E+00   1.000234342800000E+00   1.693466242200000E-22   1.023429988200000E+00   9.999999864699999E+00

   2.800826021700000E-01   1.417773115100000E+00   1.000049781700000E+00   0.000000000000000E+00   1.004978129100000E+00   1.750000000000000E+00
   2.798485053800000E-01   1.417745588500000E+00   1.000049397200000E+00  -1.391342267600000E-22   1.004939678200000E+00   1.748187846200000E+00
   2.796139843200000E-01   1.417718009300000E+00   1.000049011900000E+00  -6.997574370100000E-23   1.004901153200000E+00   1.746375436800000E+00
   2.791428525900000E-01   1.417662597100000E+00   1.000048237800000E+00   9.693576570500000E-26   1.004823746300000E+00   1.742750157400000E+00
   2.784309061900000E-01   1.417578840700000E+00   1.000047067700000E+00  -3.451825844500000E-25   1.004706739300000E+00   1.737311224100000E+00
   2.773510515000000E-01   1.417451754600000E+00   1.000045292200000E+00  -1.008360109700000E-24   1.004529188300000E+00   1.729150703800000E+00
   2.757039913000000E-01   1.417257804600000E+00   1.000042582200000E+00   1.056007868300000E-23   1.004258193100000E+00   1.716905704800000E+00
   2.731705607600000E-01   1.416959218900000E+00   1.000038409500000E+00   3.079392198600000E-24   1.003840927500000E+00   1.698530634200000E+00
   2.692239670400000E-01   1.416493448500000E+00   1.000031898700000E+00  -8.141637528000000E-24   1.003189858000000E+00   1.670957753500000E+00
   2.629569156800000E-01   1.415752232900000E+00   1.000021533400000E+00  -2.921235632200000E-25   1.002153340400000E+00   1.629599641300000E+00
   2.562471378500000E-01   1.414956481400000E+00   1.000010399800000E+00  -6.023277390100000E-26   1.001039981500000E+00   1.588293056800000E+00
   2.490624285200000E-01   1.414101894800000E+00   9.999984363600000E-01  -2.216815938400000E-26   9.998436358600000E-01   1.547087251300000E+00
   2.413696372600000E-01   1.413183974300000E+00   9.999855785300000E-01  -4.781624788800000E-27   9.985578540600000E-01   1.506036802500000E+00
   2.331351676800000E-01   1.412198068700000E+00   9.999717593800000E-01  -1.793347680700000E-25   9.971759451700000E-01   1.465201975300000E+00
   2.243256484600000E-01   1.411139442400000E+00   9.999569104200000E-01   1.247369361000000E-26   9.956910682100000E-01   1.424648945000000E+00
   2.149087769400000E-01   1.410003364800000E+00   9.999409628500000E-01  -1.369947077100000E-25   9.940963532200000E-01   1.384449805300000E+00
   2.048543337600000E-01   1.408785221000000E+00   9.999238490700000E-01   1.425079153300000E-25   9.923850537200000E-01   1.344682258800000E+00
   1.941353423900000E-01   1.407480643900000E+00   9.999055044700000E-01  -8.450835057400000E-25   9.905507282000000E-01   1.305428899200000E+00
   1.827293108600000E-01   1.406085659800000E+00   9.998858694700000E-01  -3.680653172500000E-26   9.885874421300000E-01   1.266775999900000E+00
   1.706194739200000E-01   1.404596839000000E+00   9.998648915700000E-01   0.000000000000000E+00   9.864899790800000E-01   1.228811768300000E+00
   1.577959158900000E-01   1.403011439500000E+00   9.998425274100000E-01   0.000000000000000E+00   9.842540422800000E-01   1.191624082800000E+00
   1.442564503000000E-01   1.401327527200000E+00   9.998187444200000E-01   0.000000000000000E+00   9.818764264399999E-01   1.155297814600000E+00
   1.300071296600000E-01   1.399544058800000E+00   9.997935220400000E-01   0.000000000000000E+00   9.793551377000000E-01   1.119911921000000E+00
   1.150623003300000E-01   1.397660914200000E+00   9.997668522199999E-01   0.000000000000000E+00   9.766894451600000E-01   1.085536568600000E+00
   9.944416583800000E-02   1.395678873100000E+00   9.997387391200000E-01   0.000000000000000E+00   9.738798542000000E-01   1.052230578500000E+00
   8.318189188800000E-02   1.393599536300000E+00   9.997091980900000E-01   0.000000000000000E+00   9.709280028400000E-01   1.020039461800000E+00
   6.631034697500000E-02   1.391425200200000E+00   9.996782539500000E-01   0.000000000000000E+00   9.678364925600000E-01   9.889942405800000E-01
   4.886862136700000E-02   1.389158701200000E+00   9.996459388700000E-01   0.000000000000000E+00   9.646086740399999E-01   9.591111373700000E-01
   3.089847107700000E-02   1.386803243500000E+00   9.996122899600000E-01   0.000000000000000E+00   9.612484100599999E-01   9.303920978900000E-01
   1.244283700400000E-02   1.384362230100000E+00   9.995773469200000E-01   0.000000000000000E+00   9.577598403200001E-01   9.028260041000000E-01
  -6.455458535800000E-03   1.381839109300000E+00   9.995411499100000E-01   0.000000000000000E+00   9.541471656100000E-01   8.763903839200000E-01
  -2.575477191100000E-02   1.379237244000000E+00   9.995037376600000E-01   0.000000000000000E+00   9.504144640700000E-01   8.510533938600000E-01
  -4.541543110700000E-02   1.376559809900000E+00   9.994651460300000E-01   0.000000000000000E+00   9.465655455600001E-01   8.267758778600000E-01
  -6.540027400900000E-02   1.373809721400000E+00   9.994254069300000E-01   0.000000000000000E+00   9.426038438700000E-01   8.035133427300000E-01
  -8.567495761900000E-02   1.370989582700000E+00   9.993845475599999E-01   0.000000000000000E+00   9.385323445900000E-01   7.812177402500000E-01
  -1.062080895000000E-01   1.368101659900000E+00   9.993425899800000E-01   0.000000000000000E+00   9.343535411000000E-01   7.598390013200000E-01
  -1.269712170600000E-01   1.365147870100000E+00   9.992995508600000E-01   0.000000000000000E+00   9.300694140200000E-01   7.393262942100000E-01
  -1.479387222300000E-01   1.362129781200000E+00   9.992554414600000E-01   0.000000000000000E+00   9.256814265700000E-01   7.196290186600000E-01
  -1.690876487800000E-01   1.359048621200000E+00   9.992102676300000E-01   0.000000000000000E+00   9.211905317200000E-01   7.006975573100001E-01
  -1.903974958400000E-01   1.355905291400000E+00   9.991640299200000E-01   0.000000000000000E+00   9.165971855900000E-01   6.824838184499999E-01
  -2.118499960200000E-01   1.352700382500000E+00   9.991167237600000E-01   0.000000000000000E+00   9.119013636600000E-01   6.649416054900000E-01
  -2.334288858600000E-01   1.349434191000000E+00   9.990683395600000E-01   0.000000000000000E+00   9.071025789400000E-01   6.480268475299999E-01
  -2.551196923800000E-01   1.346106735100000E+00   9.990188628200000E-01   0.000000000000000E+00   9.021998968500000E-01   6.316977190100000E-01
  -2.769095232400000E-01   1.342717769200000E+00   9.989682742800000E-01   0.000000000000000E+00   8.971919497800001E-01   6.159146805800000E-01
  -2.987868781700000E-01   1.339266796900000E+00   9.989165499000000E-01   0.000000000000000E+00   8.920769471000000E-01   6.006404556300000E-01
  -3.207414761400000E-01   1.335753080500000E+00   9.988636609200000E-01   0.000000000000000E+00   8.868526816000000E-01   5.858399654799999E-01
  -3.427641008400000E-01   1.332175649100000E+00   9.988095738000000E-01   0.000000000000000E+00   8.815165315000000E-01   5.714802332900000E-01
  -3.759078503100000E-01   1.326687322200000E+00   9.987261107600000E-01   0.000000000000000E+00   8.732957155000000E-01   5.506996707100000E-01
  -4.091614292400000E-01   1.321047894000000E+00   9.986397132600000E-01   0.000000000000000E+00   8.648041751200000E-01   5.307446741900000E-01
  -4.425033708800000E-01   1.315251216800000E+00   9.985502029200000E-01   0.000000000000000E+00   8.560276020599999E-01   5.115267556200001E-01
  -4.759147677200000E-01   1.309289958500000E+00   9.984573714800000E-01   0.000000000000000E+00   8.469492740500000E-01   4.929648097300000E-01
  -5.093786853700000E-01   1.303155535400000E+00   9.983609774200000E-01   0.000000000000000E+00   8.375498243400000E-01   4.749841148400000E-01
  -5.428796540400000E-01   1.296838010900000E+00   9.982607413700000E-01   0.000000000000000E+00   8.278069332700000E-01   4.575153753400000E-01
  -5.919349932900000E-01   1.287240099100000E+00   9.981064687900000E-01   0.000000000000000E+00   8.128779426900000E-01   4.327438814600000E-01
  -6.409954256500000E-01   1.277182910900000E+00   9.979420516100000E-01   0.000000000000000E+00   7.970620110300000E-01   4.087408021900000E-01
  -6.900175236200000E-01   1.266614591400000E+00   9.977659685500000E-01   0.000000000000000E+00   7.802407289500000E-01   3.853273547700000E-01
  -7.389547703500000E-01   1.255471534600000E+00   9.975762960300000E-01   0.000000000000000E+00   7.622665595000000E-01   3.623298863600000E-01
  -7.877538135400000E-01   1.243675058400000E+00   9.973705642200000E-01   0.000000000000000E+00   7.429533016200000E-01   3.395736383000000E-01
  -8.363492844700000E-01   1.231126688600000E+00   9.971455407199999E-01   0.000000000000000E+00   7.220621123099999E-01   3.168755235900000E-01
  -8.846559181900000E-01   1.217701396700000E+00   9.968968959700000E-01   0.000000000000000E+00   6.992805376000000E-01   2.940351555000000E-01
  -9.325556507600000E-01   1.203237787400000E+00   9.966186676200000E-01   0.000000000000000E+00   6.741901841000000E-01   2.708230131300000E-01
  -9.798750000100001E-01   1.187523818800000E+00   9.963023683200000E-01   0.000000000000000E+00   6.462154525000000E-01   2.469642485900000E-01
  -1.026342729300000E+00   1.170276499400000E+00   9.959354354200000E-01   0.000000000000000E+00   6.145402293000000E-01   2.221166398000000E-01
  -1.071505252900000E+00   1.151116150900000E+00   9.954984269500000E-01   0.000000000000000E+00   5.779716902800000E-01   1.958438879700000E-01
  -1.114547629900000E+00   1.129549678400000E+00   9.949598501400000E-01   0.000000000000000E+00   5.347311217500000E-01   1.676015402200000E-01
  -1.153911081100000E+00   1.105044128300000E+00   9.942672518100000E-01   0.000000000000000E+00   4.822397304000000E-01   1.368284262900000E-01
  -1.186630131500000E+00   1.077522637400000E+00   9.933381273100000E-01   0.000000000000000E+00   4.175337099200000E-01   1.035144292000000E-01
  -1.208366265100000E+00   1.048897521700000E+00   9.920812516700001E-01   0.000000000000000E+00   3.405301764800000E-01   6.990590733700000E-02
  -1.217209774300000E+00   1.023886604000000E+00   9.904819686600000E-01   0.000000000000000E+00   2.594017109200000E-01   4.133473242200000E-02
  -1.217903051200000E+00   1.015175184500000E+00   9.896978680900000E-01   0.000000000000000E+00   2.260061615700000E-01   3.163239522200000E-02
  -1.215380011500000E+00   1.000146053100000E+00   9.876963583800000E-01   0.000000000000000E+00   1.573150699100000E-01   1.557937654800000E-02
  -1.212597304500000E+00   9.944308483400000E-01   9.864807400400000E-01   0.000000000000000E+00   1.254928749800000E-01   9.979911657899999E-03
  -1.210550733300000E+00   9.915376730600000E-01   9.856696789200000E-01   0.000000000000000E+00   1.077136999000000E-01   7.372206119800000E-03
  -1.209060468600000E+00   9.898262740500000E-01   9.850978175300000E-01   0.000000000000000E+00   9.663510074700001E-02   5.938231292200000E-03
  -1.208158105200000E+00   9.889097001800000E-01   9.847561520000000E-01   0.000000000000000E+00   9.054124034699999E-02   5.212200198600000E-03
  -1.207338838500000E+00   9.881420194300000E-01   9.844480747100000E-01   0.000000000000000E+00   8.536181086600000E-02   4.630131074400000E-03
  -1.206689556800000E+00   9.875717888000000E-01   9.842050401100000E-01   0.000000000000000E+00   8.147684982099999E-02   4.214617045000000E-03
  -1.206166788600000E+00   9.871346882699999E-01   9.840099473400000E-01   0.000000000000000E+00   7.848131195800000E-02   3.906539028300000E-03
  -1.205728279900000E+00   9.867819542800000E-01   9.838466410500000E-01   0.000000000000000E+00   7.605532328400000E-02   3.664864385000000E-03
  -1.205348296200000E+00   9.864858748400001E-01   9.837053496700000E-01   0.000000000000000E+00   7.401463572300000E-02   3.466978398800000E-03
  -1.205011173600000E+00   9.862302097000000E-01   9.835801470300000E-01   0.000000000000000E+00   7.225040417700000E-02   3.299866962600000E-03
  -1.204706855900000E+00   9.860048033600000E-01   9.834672376800000E-01   0.000000000000000E+00   7.069416287200000E-02   3.155495547600000E-03
  -1.204297324200000E+00   9.857091102600000E-01   9.833154392000000E-01   0.000000000000000E+00   6.865272818400001E-02   2.970418314100000E-03
  -1.203931424200000E+00   9.854519515800000E-01   9.831799415800000E-01   0.000000000000000E+00   6.687863147100000E-02   2.813516546200000E-03
  -1.203599279900000E+00   9.852239558200000E-01   9.830570374399999E-01   0.000000000000000E+00   6.530776572499999E-02   2.677626504400000E-03
  -1.203294153300000E+00   9.850188477900000E-01   9.829442010500000E-01   0.000000000000000E+00   6.389701182599999E-02   2.558000006400000E-03
  -1.203011215000000E+00   9.848322063800000E-01   9.828396244800000E-01   0.000000000000000E+00   6.261587085400000E-02   2.451329559900000E-03
  -1.202620581300000E+00   9.845798784000001E-01   9.826953204000000E-01   0.000000000000000E+00   6.088878560700000E-02   2.310457496600000E-03
  -1.202263228000000E+00   9.843542225200000E-01   9.825633809500000E-01   0.000000000000000E+00   5.935012892700000E-02   2.187758021200000E-03
  -1.201932955000000E+00   9.841498400899999E-01   9.824414930900000E-01   0.000000000000000E+00   5.796223253600000E-02   2.079311348200000E-03
  -1.201478296200000E+00   9.838746912300000E-01   9.822737739700000E-01   0.000000000000000E+00   5.610384129800000E-02   1.937364132200000E-03
  -1.201063551900000E+00   9.836296183000000E-01   9.821208436700000E-01   0.000000000000000E+00   5.445984214500000E-02   1.814832790600000E-03
  -1.200680990700000E+00   9.834082788600000E-01   9.819798276300000E-01   0.000000000000000E+00   5.298547971300000E-02   1.707310902000000E-03
  -1.200325016800000E+00   9.832061691800000E-01   9.818486473900000E-01   0.000000000000000E+00   5.164885987800000E-02   1.611705189500000E-03
  -1.199991412400000E+00   9.830199583500000E-01   9.817257376100000E-01   0.000000000000000E+00   5.042632888200000E-02   1.525763762900000E-03
  -1.199676901500000E+00   9.828471066500000E-01   9.816098835600000E-01   0.000000000000000E+00   4.929981294600000E-02   1.447797701300000E-03
  -1.199378917000000E+00   9.826856500400000E-01   9.815001338900000E-01   0.000000000000000E+00   4.825529992000000E-02   1.376508193400000E-03
  -1.199095372800000E+00   9.825340193600000E-01   9.813957159000000E-01   0.000000000000000E+00   4.728158223500000E-02   1.310876478100000E-03
  -1.198824574300000E+00   9.823909548300001E-01   9.812960023500000E-01   0.000000000000000E+00   4.636964430900000E-02   1.250088865900000E-03
  -1.198565122300000E+00   9.822554277800000E-01   9.812004754500000E-01   0.000000000000000E+00   4.551211229400000E-02   1.193485719900000E-03
  -1.198315810600000E+00   9.821265685300000E-01   9.811086891300000E-01   0.000000000000000E+00   4.470275990400000E-02   1.140525471400000E-03
  -1.198075678300000E+00   9.820036796900000E-01   9.810202880200000E-01   0.000000000000000E+00   4.393656118700000E-02   1.090757584400000E-03
  -1.197843861400000E+00   9.818861491000000E-01   9.809349528500000E-01   0.000000000000000E+00   4.320912021700000E-02   1.043804081700000E-03
  -1.197619652800000E+00   9.817734729800000E-01   9.808524222600000E-01   0.000000000000000E+00   4.251679663900000E-02   9.993444191299999E-04
  -1.197402421200000E+00   9.816652088800000E-01   9.807724630200000E-01   0.000000000000000E+00   4.185639860800000E-02   9.571047265400000E-04
  -1.197088208900000E+00   9.815101332300000E-01   9.806568115500000E-01   0.000000000000000E+00   4.091893928900000E-02   8.973447337900000E-04
  -1.196787039200000E+00   9.813631181700000E-01   9.805459648700000E-01   0.000000000000000E+00   4.003973618600000E-02   8.413924872800000E-04
  -1.196497727300000E+00   9.812233250900000E-01   9.804394855300000E-01   0.000000000000000E+00   3.921261158400000E-02   7.886986017900000E-04
  -1.196219336600000E+00   9.810900816900000E-01   9.803370277200000E-01   0.000000000000000E+00   3.843254441200000E-02   7.388075736700000E-04
  -1.195951179300000E+00   9.809628704600000E-01   9.802383374900000E-01   0.000000000000000E+00   3.769555592200000E-02   6.913375560300000E-04
  -1.195692757000000E+00   9.808412910500000E-01   9.801432307800000E-01   0.000000000000000E+00   3.699845110400000E-02   6.459654377200000E-04
  -1.195443775500000E+00   9.807250602299999E-01   9.800515988400000E-01   0.000000000000000E+00   3.633878597300000E-02   6.024157371400000E-04
  -1.195204084400000E+00   9.806139779300000E-01   9.799633859200000E-01   0.000000000000000E+00   3.571464631500000E-02   5.604523080800000E-04
  -1.194973753500000E+00   9.805079583900000E-01   9.798786174600000E-01   0.000000000000000E+00   3.512479925700000E-02   5.198724124700000E-04
  -1.194753024800000E+00   9.804070037800000E-01   9.797973823400000E-01   0.000000000000000E+00   3.456852063500000E-02   4.805025255400000E-04
  -1.194542257000000E+00   9.803111759200001E-01   9.797198124199999E-01   0.000000000000000E+00   3.404542250500000E-02   4.421957373000000E-04
  -1.194342091600000E+00   9.802206697000000E-01   9.796461437900000E-01   0.000000000000000E+00   3.355583820000000E-02   4.048311120000000E-04
  -1.194153265000000E+00   9.801357252500000E-01   9.795766474199999E-01   0.000000000000000E+00   3.310032838400000E-02   3.683141419600000E-04
  -1.193976742900000E+00   9.800566877500000E-01   9.795116788500000E-01   0.000000000000000E+00   3.267999673200000E-02   3.325795764400000E-04
  -1.193813596600000E+00   9.799839506100000E-01   9.794516324000000E-01   0.000000000000000E+00   3.229617996400000E-02   2.975958241200000E-04
  -1.193665037700000E+00   9.799179714000000E-01   9.793969542099999E-01   0.000000000000000E+00   3.195053611200000E-02   2.633717696100000E-04
  -1.193532230000000E+00   9.798591885300000E-01   9.793480727000000E-01   0.000000000000000E+00   3.164461806200000E-02   2.299650162500000E-04
  -1.193416342800000E+00   9.798080470200000E-01   9.793054185400000E-01   0.000000000000000E+00   3.138002896300000E-02   1.974914122300000E-04
  -1.193318094700000E+00   9.797647988300000E-01   9.792692563500000E-01   0.000000000000000E+00   3.115741642600000E-02   1.661321655200000E-04
  -1.193237961700000E+00   9.797295979000000E-01   9.792397615100000E-01   0.000000000000000E+00   3.097699921600000E-02   1.361372029300000E-04
  -1.193175646300000E+00   9.797022687800000E-01   9.792168246700000E-01   0.000000000000000E+00   3.083740783200000E-02   1.078182152200000E-04
  -1.193130100900000E+00   9.796823189600000E-01   9.792000604000000E-01   0.000000000000000E+00   3.073577389400000E-02   8.153218575900000E-05
  -1.193099339400000E+00   9.796688564800000E-01   9.791887377100000E-01   0.000000000000000E+00   3.066731635700000E-02   5.765877954500000E-05
  -1.193080788500000E+00   9.796607423900000E-01   9.791819094899999E-01   0.000000000000000E+00   3.062610517200000E-02   3.658715474900000E-05
  -1.193071476000000E+00   9.796566704100000E-01   9.791784817200000E-01   0.000000000000000E+00   3.060543770500000E-02   1.874058177300000E-05
  -1.193069245500000E+00   9.796556952300000E-01   9.791776607100000E-01   0.000000000000000E+00   3.060048956800000E-02   1.094750964100000E-05
  -1.193068207000000E+00   9.796552412300000E-01   9.791772784700000E-01   0.000000000000000E+00   3.059818607300000E-02   4.449783166400000E-06
  -1.193068595200000E+00   9.796554109300000E-01   9.791774213500000E-01   0.000000000000000E+00   3.059904691400000E-02   2.971418561400000E-06
  -1.193067090700000E+00   9.796547531899999E-01   9.791768675600000E-01   0.000000000000000E+00   3.059571005600000E-02   1.658897670300000E-06
  -1.193068671400000E+00   9.796554442500000E-01   9.791774494100000E-01   0.000000000000000E+00   3.059921599100000E-02   1.346276215100000E-06
  -1.193065462600000E+00   9.796540414800000E-01   9.791762683200000E-01   0.000000000000000E+00   3.059209938800000E-02   1.049848235600000E-06
  -1.193066474600000E+00   9.796544838600000E-01   9.791766408000000E-01   0.000000000000000E+00   3.059434368700000E-02   9.068929986800000E-07
  -1.193064776100000E+00   9.796537413600001E-01   9.791760156200000E-01   0.000000000000000E+00   3.059057704300000E-02   8.363784592200000E-07
  -1.193065261300000E+00   9.796539534699999E-01   9.791761942100000E-01   0.000000000000000E+00   3.059165301600000E-02   7.339492395300000E-07
  -1.193064094100000E+00   9.796534432300000E-01   9.791757645900000E-01   0.000000000000000E+00   3.058906472500000E-02   6.833828724700000E-07
  -1.193065459900000E+00   9.796540402700000E-01   9.791762673000000E-01   0.000000000000000E+00   3.059209336600000E-02   6.462453746000000E-07
  -1.193064257100000E+00   9.796535144600000E-01   9.791758245600000E-01   0.000000000000000E+00   3.058942604200000E-02   6.093629403300000E-07
  -1.193065890700000E+00   9.796542286000000E-01   9.791764258700000E-01   0.000000000000000E+00   3.059304871300000E-02   5.820606014200000E-07
  -1.193066450700000E+00   9.796544734300000E-01   9.791766320100000E-01   0.000000000000000E+00   3.059429075400000E-02   5.550248333700000E-07
  -1.193064801400000E+00   9.796537524100000E-01   9.791760249200000E-01   0.000000000000000E+00   3.059063307900000E-02   5.281460199700000E-07
  -1.193064801400000E+00   9.796537524100000E-01   9.791760249200000E-01   0.000000000000000E+00   3.059063307900000E-02   4.877110781400000E-07

