  -3.746463458600000E-01   1.326898586800000E+00   9.987293346700000E-01   0.000000000000000E+00   8.736129439000000E-01   1.750000000000000E+00
  -3.739259072400000E-01   1.327019153200000E+00   9.987311741100000E-01   3.239299364200000E-24   8.737939543800000E-01   1.751410229000000E+00
  -3.732057714100000E-01   1.327139606700000E+00   9.987330115400000E-01   3.435293920400000E-25   8.739747749300000E-01   1.752821134200000E+00
  -3.717665444100000E-01   1.327380152900000E+00   9.987366800200000E-01  -1.771254524600000E-23   8.743358132800000E-01   1.755644995400000E+00
  -3.688922864300000E-01   1.327859804600000E+00   9.987439915300000E-01  -1.373353732800000E-26   8.750554839300000E-01   1.761300932700000E+00
  -3.645914667200000E-01   1.328575687200000E+00   9.987548954000000E-01   1.499253562300000E-25   8.761289948500000E-01   1.769805445000000E+00
  -3.581643093500000E-01   1.329641446000000E+00   9.987711094200000E-01  -6.937241484200000E-24   8.777258376000000E-01   1.782608778200000E+00
  -3.485787218200000E-01   1.331222014700000E+00   9.987951142000000E-01  -2.610087709500000E-24   8.800911159500000E-01   1.801919179500000E+00
  -3.343277292500000E-01   1.333552463700000E+00   9.988304188300000E-01  -3.180836832000000E-23   8.835722764900000E-01   1.831123844400000E+00
  -3.132488398300000E-01   1.336958047600000E+00   9.988818241400000E-01  -1.576017100900000E-26   8.886461176500000E-01   1.875474009800000E+00
  -2.925432037200000E-01   1.340256732500000E+00   9.989314094400000E-01   2.051738664300000E-26   8.935458289000000E-01   1.920481809900000E+00
  -2.722283796200000E-01   1.343449824100000E+00   9.989792191000000E-01   3.066950763800000E-27   8.982749855300000E-01   1.966150444900000E+00
  -2.523210296500000E-01   1.346538611800000E+00   9.990252952300001E-01  -3.388545962900000E-26   9.028370244200000E-01   2.012479569100000E+00
  -2.328367477400000E-01   1.349524397300000E+00   9.990696782400000E-01  -4.373164847600000E-26   9.072352930799999E-01   2.059465255400000E+00
  -2.137898954700000E-01   1.352408518900000E+00   9.991124073900000E-01  -1.827585592200000E-26   9.114730931100000E-01   2.107100012300000E+00
  -1.951934413100000E-01   1.355192374900000E+00   9.991535212500000E-01   4.184391460600000E-26   9.155537198900000E-01   2.155372853000000E+00
  -1.770588158500000E-01   1.357877443000000E+00   9.991930580500000E-01  -5.261745469500000E-27   9.194804962100001E-01   2.204269419900000E+00
  -1.593957881600000E-01   1.360465296100000E+00   9.992310560700000E-01  -1.230070669100000E-25   9.232567998000000E-01   2.253772163700000E+00
  -1.422123648000000E-01   1.362957614400000E+00   9.992675538700000E-01  -2.029991258000000E-26   9.268860849500000E-01   2.303860569700000E+00
  -1.255147165000000E-01   1.365356193700000E+00   9.993025905000000E-01  -8.339804712300000E-27   9.303718979100000E-01   2.354511433600000E+00
  -1.093071380200000E-01   1.367662948800000E+00   9.993362056400000E-01   4.047879115400000E-27   9.337178855200000E-01   2.405699167600000E+00
  -9.359203610000000E-02   1.369879913700000E+00   9.993684396400000E-01   1.476647566700000E-26   9.369277986300000E-01   2.457396137100000E+00
  -7.836995375200000E-02   1.372009237300000E+00   9.993993335400000E-01  -1.158547251000000E-27   9.400054890600000E-01   2.509573012900000E+00
  -6.363962068300000E-02   1.374053176600000E+00   9.994289290500000E-01  -4.346306363700000E-26   9.429549024100000E-01   2.562199130300000E+00
  -4.939803388500000E-02   1.376014086100000E+00   9.994572684200000E-01   4.026774051700000E-27   9.457800662500000E-01   2.615242847000000E+00
  -3.564055981500000E-02   1.377894405500000E+00   9.994843943400000E-01  -2.203198030400000E-27   9.484850754300000E-01   2.668671887700000E+00
  -2.236105835900000E-02   1.379696645800000E+00   9.995103498100000E-01   2.673518316500000E-27   9.510740744600000E-01   2.722453671700000E+00
  -9.552018715400000E-03   1.381423373600000E+00   9.995351779200000E-01  -3.802327966500000E-26   9.535512389500000E-01   2.776555618200000E+00
   2.795293303700000E-03   1.383077195900000E+00   9.995589217500001E-01  -5.324192404800000E-27   9.559207559900000E-01   2.830945422000000E+00
   1.469068333400000E-02   1.384660744000000E+00   9.995816241200000E-01  -8.564373755200000E-28   9.581868046699999E-01   2.885591301300000E+00
   2.614487424700000E-02   1.386176658400000E+00   9.996033274600000E-01  -1.584527618500000E-26   9.603535370000000E-01   2.940462217600000E+00
   3.716935775200000E-02   1.387627574600000E+00   9.996240736300001E-01  -1.122789489900000E-26   9.624250605800000E-01   2.995528064600000E+00
   4.777624754800000E-02   1.389016109500000E+00   9.996439037900000E-01   1.641117452200000E-26   9.644054219800000E-01   3.050759831200000E+00
   5.797814405400000E-02   1.390344849300000E+00   9.996628582500000E-01   2.851302238100000E-28   9.662985925200001E-01   3.106129742200000E+00
   6.778800807500000E-02   1.391616339700000E+00   9.996809763800000E-01   4.551991886400000E-28   9.681084559100001E-01   3.161611375100000E+00
   7.721904324300000E-02   1.392833075700000E+00   9.996982964700000E-01  -8.911078361900000E-27   9.698387972600000E-01   3.217179760500000E+00
   8.628459455500000E-02   1.393997494600000E+00   9.997148557000000E-01  -1.827735591200000E-26   9.714932950700000E-01   3.272811466600000E+00
   9.499805305400000E-02   1.395111969800000E+00   9.997306900600000E-01  -1.427218791900000E-27   9.730755139000000E-01   3.328484671300000E+00
   1.033727773100000E-01   1.396178805500000E+00   9.997458342900000E-01   3.136155129200000E-26   9.745888998500000E-01   3.384179224200000E+00
   1.114220217200000E-01   1.397200232900000E+00   9.997603218900000E-01  -1.590037449400000E-26   9.760367767200000E-01   3.439876698300000E+00
   1.191588781200000E-01   1.398178407900000E+00   9.997741850700000E-01  -1.850401553900000E-26   9.774223442800000E-01   3.495560436200000E+00
   1.265962237100000E-01   1.399115408900000E+00   9.997874547700000E-01  -9.179235822399999E-28   9.787486769800000E-01   3.551215586700000E+00
   1.337466804800000E-01   1.400013236200000E+00   9.998001606500000E-01  -2.199925983900000E-26   9.800187244200000E-01   3.606829137000000E+00
   1.406225806500000E-01   1.400873811300000E+00   9.998123311000000E-01   1.433993728100000E-25   9.812353121900000E-01   3.662389933800000E+00
   1.472359385600000E-01   1.401698977800000E+00   9.998239932700000E-01  -1.269955723300000E-27   9.824011435500000E-01   3.717888700400000E+00
   1.535984274800000E-01   1.402490501200000E+00   9.998351730900000E-01  -8.783263213400001E-28   9.835188013400000E-01   3.773318040700000E+00
   1.597213647500000E-01   1.403250070900000E+00   9.998458953200000E-01  -5.614465704400000E-27   9.845907510100000E-01   3.828672435200000E+00
   1.656156967700000E-01   1.403979300800000E+00   9.998561835200001E-01   4.188334142600000E-23   9.856193430900000E-01   3.883948223500000E+00
   1.740487491400000E-01   1.405019262000000E+00   9.998708459700000E-01   1.174025950800000E-26   9.870853143700000E-01   3.966682588100000E+00
   1.820254023500000E-01   1.405999338900000E+00   9.998846538100000E-01  -9.420449589700000E-27   9.884658921700000E-01   4.049237257700000E+00
   1.895777092600000E-01   1.406924079300000E+00   9.998976729700000E-01  -5.372218981500000E-27   9.897676538100000E-01   4.131622396700000E+00
   1.967357364900000E-01   1.407797695300000E+00   9.999099643400000E-01   4.144340090100000E-27   9.909966771600000E-01   4.213856119900000E+00
   2.035275821000000E-01   1.408624078600000E+00   9.999215840600000E-01   3.185781952200000E-27   9.921585662100000E-01   4.295963692500000E+00
   2.099794011300000E-01   1.409406815100000E+00   9.999325837300000E-01   3.573535329000000E-27   9.932584751600000E-01   4.377976575100000E+00
   2.161154520100000E-01   1.410149200800000E+00   9.999430107200000E-01   5.250480114600000E-26   9.943011334400000E-01   4.459931341800000E+00
   2.219581467300000E-01   1.410854256500000E+00   9.999529083399999E-01   3.936972632000000E-26   9.952908691700000E-01   4.541868496900000E+00
   2.275281180700000E-01   1.411524743400000E+00   9.999623161600000E-01  -7.134202997300001E-27   9.962316334900000E-01   4.623831226900000E+00
   2.328442891700000E-01   1.412163178300000E+00   9.999712701600000E-01   2.417393574900000E-26   9.971270235500000E-01   4.705864125300000E+00
   2.379239576200000E-01   1.412771849400000E+00   9.999798030400000E-01  -1.832565414400000E-26   9.979803064600000E-01   4.788011930500000E+00
   2.427828842000000E-01   1.413352831900000E+00   9.999879444200001E-01   4.369685397600000E-26   9.987944425800001E-01   4.870318319700000E+00
   2.474353868800000E-01   1.413908003500000E+00   9.999957210900000E-01  -2.383923937500000E-26   9.995721085800000E-01   4.952824795700000E+00
   2.518944419100000E-01   1.414439060300000E+00   1.000003157200000E+00  -1.188617755100000E-26   1.000315720700000E+00   5.035569699800000E+00
   2.561717899900000E-01   1.414947532600000E+00   1.000010274600000E+00  -1.269754830800000E-25   1.001027457600000E+00   5.118587389100000E+00
   2.602780397600000E-01   1.415434799900000E+00   1.000017092800000E+00   1.044923714200000E-25   1.001709282600000E+00   5.201907584200000E+00
   2.642227780900000E-01   1.415902106400000E+00   1.000023629700000E+00  -4.787414014200000E-26   1.002362965600000E+00   5.285554919500000E+00
   2.680146762800000E-01   1.416350575500000E+00   1.000029901100000E+00   1.248094292000000E-25   1.002990104400000E+00   5.369548691000000E+00
   2.716615893400000E-01   1.416781223600000E+00   1.000035921600000E+00   5.628480369900000E-26   1.003592143800000E+00   5.453902797600000E+00
   2.751706590100000E-01   1.417194973300000E+00   1.000041704200000E+00   6.744170272200000E-27   1.004170395000000E+00   5.538625861600000E+00
   2.785484053500000E-01   1.417592665500000E+00   1.000047260900000E+00   5.978085267900001E-26   1.004726052900000E+00   5.623721508700000E+00
   2.818008080400000E-01   1.417975070400000E+00   1.000052602600000E+00  -3.201070732800000E-26   1.005260211300000E+00   5.709188773500000E+00
   2.849333879100000E-01   1.418342897500000E+00   1.000057739400000E+00   4.844663415400000E-27   1.005773877500000E+00   5.795022605800000E+00
   2.879512697700000E-01   1.418696804000000E+00   1.000062680700000E+00   4.142107350200000E-26   1.006267984400000E+00   5.881214436000000E+00
   2.908592438000000E-01   1.419037402600000E+00   1.000067435000000E+00   3.733910971200000E-26   1.006743401000000E+00   5.967752771500000E+00
   2.936618131400000E-01   1.419365267700000E+00   1.000072010700000E+00  -6.011467245000000E-27   1.007200941500000E+00   6.054623797400000E+00
   2.963632364000000E-01   1.419680940500000E+00   1.000076415200000E+00   8.964895860400000E-27   1.007641372900000E+00   6.141811946200000E+00
   2.989675592100000E-01   1.419984933600000E+00   1.000080656000000E+00   1.596047467800000E-25   1.008065421100000E+00   6.229300432000000E+00
   3.014786426800000E-01   1.420277734500000E+00   1.000084739800000E+00   3.130484495600000E-26   1.008473775700000E+00   6.317071727600000E+00
   3.039001825600000E-01   1.420559807900000E+00   1.000088673300000E+00   7.390081701499999E-24   1.008867094000000E+00   6.405107975500000E+00
   3.064586877000000E-01   1.420857531000000E+00   1.000092824200000E+00   3.751081653700000E-27   1.009282154000000E+00   6.502000672800000E+00
   3.089181339500000E-01   1.421143432600000E+00   1.000096809600000E+00   3.422407069600000E-27   1.009680656200000E+00   6.599168053600000E+00
   3.112828330900000E-01   1.421418048800000E+00   1.000100637000000E+00  -8.441897725800000E-23   1.010063357100000E+00   6.696587725100000E+00
   3.135569236300000E-01   1.421681892100000E+00   1.000104313600000E+00   4.053578083700000E-24   1.010430979500000E+00   6.794238327800000E+00
   3.157443770600000E-01   1.421935452500000E+00   1.000107846300000E+00   9.588665329700000E-23   1.010784213800000E+00   6.892099709600000E+00
   3.178490026000000E-01   1.422179198400000E+00   1.000111241800000E+00   7.433164204700000E-23   1.011123719700000E+00   6.990153025700000E+00
   3.198744542400000E-01   1.422413577600000E+00   1.000114506300000E+00  -6.450205443399999E-23   1.011450127400000E+00   7.088380785300000E+00
   3.218242322900000E-01   1.422639017800000E+00   1.000117645800000E+00   8.929728054800000E-23   1.011764038400000E+00   7.186766854600000E+00
   3.237016883300000E-01   1.422855927000000E+00   1.000120666100000E+00   2.499694695600000E-25   1.012066026700000E+00   7.285296429700000E+00
   3.255100280200000E-01   1.423064694900000E+00   1.000123572700000E+00   2.869881749900000E-23   1.012356639300000E+00   7.383955985100000E+00
   3.272523138200000E-01   1.423265692200000E+00   1.000126370700000E+00   3.415426250200000E-23   1.012636397400000E+00   7.482733206400000E+00
   3.289314726600000E-01   1.423459272900000E+00   1.000129065100000E+00  -3.158832850400000E-24   1.012905797500000E+00   7.581616914100000E+00
   3.305502957400000E-01   1.423645773300000E+00   1.000131660700000E+00  -2.031037755500000E-23   1.013165311800000E+00   7.680596983300000E+00
   3.321114444300000E-01   1.423825513600000E+00   1.000134161900000E+00   3.994375336800000E-23   1.013415389300000E+00   7.779664260500000E+00
   3.336174574100000E-01   1.423998798700000E+00   1.000136573100000E+00   1.430373859200000E-23   1.013656457500000E+00   7.878810482400000E+00
   3.350707503300000E-01   1.424165917900000E+00   1.000138898100000E+00   1.798492764900000E-23   1.013888921900000E+00   7.978028197000000E+00
   3.364736251000000E-01   1.424327146500000E+00   1.000141141100000E+00   1.775118349100000E-23   1.014113168300000E+00   8.077310688900001E+00
   3.378282721400000E-01   1.424482746000000E+00   1.000143305400000E+00  -1.647436471100000E-23   1.014329562900000E+00   8.176651909700000E+00
   3.391367758800000E-01   1.424632964800000E+00   1.000145394800000E+00  -5.922872794800000E-24   1.014538453500000E+00   8.276046413300000E+00
   3.404011201300000E-01   1.424778039000000E+00   1.000147412400000E+00   1.417394217100000E-23   1.014740170600000E+00   8.375489295200000E+00
   3.416231909500000E-01   1.424918192600000E+00   1.000149361400000E+00   1.724610286600000E-23   1.014935027700000E+00   8.474976139600001E+00
   3.428047832500000E-01   1.425053638500000E+00   1.000151244800000E+00   1.796090002600000E-24   1.015123322700000E+00   8.574502967999999E+00
   3.439476043100000E-01   1.425184579000000E+00   1.000153065300000E+00  -8.550359193700000E-24   1.015305338400000E+00   8.674066196000000E+00
   3.450532776700000E-01   1.425311206200000E+00   1.000154825800000E+00   1.108369828600000E-23   1.015481343500000E+00   8.773662591400001E+00
   3.461233490300000E-01   1.425433702700000E+00   1.000156528700000E+00   4.119375875800000E-25   1.015651593200000E+00   8.873289238900000E+00
   3.471592871700000E-01   1.425552241800000E+00   1.000158176500000E+00  -7.853624665900000E-25   1.015816329900000E+00   8.972943506500000E+00
   3.481624916000000E-01   1.425666988500000E+00   1.000159771400000E+00  -9.382592496300000E-25   1.015975784000000E+00   9.072623016700000E+00
   3.491342928900000E-01   1.425778099300000E+00   1.000161315700000E+00   2.305442643500000E-24   1.016130174300000E+00   9.172325620000001E+00
   3.500759588500000E-01   1.425885723500000E+00   1.000162811500000E+00   6.668147682200001E-24   1.016279709100000E+00   9.272049371600000E+00
   3.509886953200000E-01   1.425990002700000E+00   1.000164260600000E+00   4.722702457600000E-24   1.016424586300000E+00   9.371792510200001E+00
   3.518736518000000E-01   1.426091071800000E+00   1.000165665100000E+00   7.672322433799999E-24   1.016564994200000E+00   9.471553439299999E+00
   3.527319222100000E-01   1.426189059100000E+00   1.000167026600000E+00  -1.909354311200000E-24   1.016701111900000E+00   9.571330710400000E+00
   3.535645500000000E-01   1.426284086700000E+00   1.000168347000000E+00  -2.724083876000000E-24   1.016833110000000E+00   9.671123008200000E+00
   3.543725292100000E-01   1.426376271100000E+00   1.000169627800000E+00   2.868344640100000E-24   1.016961150800000E+00   9.770929137300000E+00
   3.551568069900000E-01   1.426465722900000E+00   1.000170870500000E+00  -9.277372744500000E-24   1.017085388900000E+00   9.870748009800000E+00
   3.559182877900000E-01   1.426552547800000E+00   1.000172076700000E+00  -4.768233941300000E-24   1.017205971600000E+00   9.970578634900001E+00
   3.561384561100000E-01   1.426577646800000E+00   1.000172425400000E+00  -2.342224318200000E-26   1.017240827900000E+00   9.999998429700000E+00

  -3.746463458600000E-01   1.326898586800000E+00   9.987293346700000E-01   0.000000000000000E+00   8.736129439000000E-01   1.750000000000000E+00
  -3.753672187000000E-01   1.326777885400000E+00   9.987274928700000E-01  -3.723320544500000E-24   8.734317101200000E-01   1.748590466700000E+00
  -3.760883930400000E-01   1.326657071000000E+00   9.987256490500001E-01   2.315725734700000E-23   8.732502860500000E-01   1.747181608100000E+00
  -3.775317775300000E-01   1.326415080700000E+00   9.987219550000001E-01  -1.677319453600000E-22   8.728868327600000E-01   1.744365934700000E+00
  -3.804226625500000E-01   1.325929653000000E+00   9.987145412200000E-01  -1.560151513100000E-25   8.721575029500001E-01   1.738742747700000E+00
  -3.847691978700000E-01   1.325197887400000E+00   9.987033561100001E-01  -1.764297051400000E-24   8.710574305200000E-01   1.730328305700000E+00
  -3.913116702600000E-01   1.324092059600000E+00   9.986864325600000E-01  -1.553754520400000E-24   8.693935769600000E-01   1.717752168500000E+00
  -4.011753757200000E-01   1.322414828000000E+00   9.986607158500000E-01  -7.088350017900000E-24   8.668666287300000E-01   1.698989552700000E+00
  -4.160800054000000E-01   1.319857076300000E+00   9.986213843500000E-01  -6.168061674000000E-23   8.630052332400000E-01   1.671071157600000E+00
  -4.386707623800000E-01   1.315925079400000E+00   9.985606461900000E-01   6.009134527999999E-26   8.570504363000000E-01   1.629689739700000E+00
  -4.615242008100000E-01   1.311876899500000E+00   9.984977560200000E-01  -3.636641215900000E-26   8.508955462900000E-01   1.588885246300000E+00
  -4.846204439700000E-01   1.307710320500000E+00   9.984326353200000E-01   2.772101143000000E-27   8.445345198300001E-01   1.548634045700000E+00
  -5.079396212900000E-01   1.303422867100000E+00   9.983651970700000E-01   9.620334651200000E-27   8.379606815100000E-01   1.508910181200000E+00
  -5.314618988100001E-01   1.299011771000000E+00   9.982953445700000E-01   2.574180762800000E-27   8.311666416100000E-01   1.469685536900000E+00
  -5.551674830400000E-01   1.294473937200000E+00   9.982229701899999E-01  -4.471973125500000E-27   8.241442081600000E-01   1.430929986800000E+00
  -5.790366062100000E-01   1.289805908000000E+00   9.981479539700000E-01  -1.151812701400000E-26   8.168842894900000E-01   1.392611522100000E+00
  -6.030494823300000E-01   1.285003826600000E+00   9.980701620400000E-01   0.000000000000000E+00   8.093767886500000E-01   1.354696354000000E+00
  -6.392949937800000E-01   1.277539794900000E+00   9.979479370200000E-01   0.000000000000000E+00   7.976263803200000E-01   1.298501430900000E+00
  -6.757513265100000E-01   1.269747790000000E+00   9.978185431600000E-01   0.000000000000000E+00   7.852500271000000E-01   1.243006866700000E+00
  -7.123488026100000E-01   1.261608446100000E+00   9.976812882100000E-01   0.000000000000000E+00   7.721968132200000E-01   1.188077394600000E+00
  -7.490146528000000E-01   1.253099220200000E+00   9.975353463800000E-01   0.000000000000000E+00   7.584068093800000E-01   1.133569010200000E+00
  -7.856713220100000E-01   1.244193955400000E+00   9.973797276700000E-01   0.000000000000000E+00   7.438093018000000E-01   1.079328314100000E+00
  -8.222342390500000E-01   1.234862401100000E+00   9.972132384800000E-01   0.000000000000000E+00   7.283206070200000E-01   1.025191554400000E+00
  -8.586088836200000E-01   1.225069709200000E+00   9.970344302400000E-01   0.000000000000000E+00   7.118413709300000E-01   9.709834612100000E-01
  -8.946868954400000E-01   1.214775953500000E+00   9.968415322300000E-01   0.000000000000000E+00   6.942532512800000E-01   9.165160704600001E-01
  -9.303408925300000E-01   1.203935772700000E+00   9.966323630500000E-01   0.000000000000000E+00   6.754148930700000E-01   8.615879074400000E-01
  -9.654175060500000E-01   1.192498353300000E+00   9.964042141400000E-01   0.000000000000000E+00   6.551572060900001E-01   8.059842779000000E-01
  -9.997280506400000E-01   1.180408157500000E+00   9.961536972200000E-01   0.000000000000000E+00   6.332781614500000E-01   7.494800668000000E-01
  -1.033036162200000E+00   1.167607177400000E+00   9.958765483599999E-01   0.000000000000000E+00   6.095378750000000E-01   6.918476826100000E-01
  -1.065042017000000E+00   1.154040123900000E+00   9.955673865800000E-01   0.000000000000000E+00   5.836558800000000E-01   6.328748904800000E-01
  -1.095363845400000E+00   1.139664976400000E+00   9.952194422200000E-01   0.000000000000000E+00   5.553147938800000E-01   5.724006482200000E-01
  -1.123520713400000E+00   1.124472560600000E+00   9.948243115299999E-01   0.000000000000000E+00   5.241785275000000E-01   5.103811411200000E-01
  -1.148927874900000E+00   1.108519250000000E+00   9.943718681900000E-01   0.000000000000000E+00   4.899382770700000E-01   4.469994990500000E-01
  -1.170928287900000E+00   1.091973048200000E+00   9.938505384000000E-01   0.000000000000000E+00   4.524005363300000E-01   3.828195211000000E-01
  -1.188893223800000E+00   1.075158845100000E+00   9.932480393200001E-01   0.000000000000000E+00   4.116125297100000E-01   3.189352529500000E-01
  -1.202402671700000E+00   1.058562740400000E+00   9.925519662000000E-01   0.000000000000000E+00   3.679615057400000E-01   2.569824869300000E-01
  -1.211433371500000E+00   1.042744197300000E+00   9.917479090800000E-01   0.000000000000000E+00   3.221048676200000E-01   1.988443086000000E-01
  -1.216396313700000E+00   1.028149875800000E+00   9.908098476900000E-01   0.000000000000000E+00   2.745687763000000E-01   1.460399799500000E-01
  -1.217903051900000E+00   1.015166512700000E+00   9.896969921200000E-01   0.000000000000000E+00   2.259710431500000E-01   1.000001847600000E-01
  -1.216088406800000E+00   1.002243891300000E+00   9.880554720700000E-01   0.000000000000000E+00   1.680452373200000E-01   5.587538116200000E-02
  -1.214786031400000E+00   9.986581142299999E-01   9.874173685900000E-01   0.000000000000000E+00   1.494154253500000E-01   4.422201278600000E-02
  -1.213141043600000E+00   9.953433997000000E-01   9.867042843600000E-01   0.000000000000000E+00   1.308554108300000E-01   3.385076318800000E-02
  -1.212444552900000E+00   9.941871599700000E-01   9.864186999200000E-01   0.000000000000000E+00   1.240413539600000E-01   3.035191598700000E-02
  -1.211852105500000E+00   9.932888429400000E-01   9.861807402300000E-01   0.000000000000000E+00   1.186181820000000E-01   2.768460723700000E-02
  -1.211340931700000E+00   9.925676668700000E-01   9.859783360700000E-01   0.000000000000000E+00   1.141809709400000E-01   2.557883274300000E-02
  -1.210891223500000E+00   9.919697354000000E-01   9.858021156100000E-01   0.000000000000000E+00   1.104452117800000E-01   2.385879579400000E-02
  -1.210488847700000E+00   9.914609425200001E-01   9.856456906600000E-01   0.000000000000000E+00   1.072258039600000E-01   2.241476508800000E-02
  -1.210123898900000E+00   9.910191265400000E-01   9.855047025900000E-01   0.000000000000000E+00   1.044001453100000E-01   2.117613394900000E-02
  -1.209789292700000E+00   9.906292963200000E-01   9.853760920600000E-01   0.000000000000000E+00   1.018840512900000E-01   2.009551271800000E-02
  -1.209479821400000E+00   9.902809122600000E-01   9.852576420000000E-01   0.000000000000000E+00   9.961758917900000E-02   1.913980528400000E-02
  -1.209191551000000E+00   9.899663080500000E-01   9.851476967800000E-01   0.000000000000000E+00   9.755668406400000E-02   1.828508932700000E-02
  -1.208792211400000E+00   9.895453482100000E-01   9.849959491200000E-01   0.000000000000000E+00   9.477856498200000E-02   1.715400394000000E-02
  -1.208426161300000E+00   9.891737158100000E-01   9.848573614400000E-01   0.000000000000000E+00   9.230719185700000E-02   1.616760544600000E-02
  -1.208087742700000E+00   9.888414915200000E-01   9.847296214300000E-01   0.000000000000000E+00   9.008367232400000E-02   1.529551202000000E-02
  -1.207772695000000E+00   9.885414602600000E-01   9.846110029700000E-01   0.000000000000000E+00   8.806470056600001E-02   1.451576857500000E-02
  -1.207336602100000E+00   9.881400000400000E-01   9.844472360600000E-01   0.000000000000000E+00   8.534810531400000E-02   1.348389472900000E-02
  -1.206937455400000E+00   9.877857816000000E-01   9.842977289400000E-01   0.000000000000000E+00   8.293811624800000E-02   1.258395644500000E-02
  -1.206569082600000E+00   9.874693858500000E-01   9.841600373600000E-01   0.000000000000000E+00   8.077628886000000E-02   1.178794037300000E-02
  -1.206226824900000E+00   9.871839452900000E-01   9.840323287100000E-01   0.000000000000000E+00   7.881952740299999E-02   1.107556910900000E-02
  -1.205907067800000E+00   9.869242990200000E-01   9.839131892800000E-01   0.000000000000000E+00   7.703510854300000E-02   1.043171745800000E-02
  -1.205606951200000E+00   9.866864773800000E-01   9.838015058500000E-01   0.000000000000000E+00   7.539762415800000E-02   9.844817540400000E-03
  -1.205324169000000E+00   9.864673626800000E-01   9.836963846200000E-01   0.000000000000000E+00   7.388694408599999E-02   9.305835105699999E-03
  -1.205056835400000E+00   9.862644651300000E-01   9.835970974100000E-01   0.000000000000000E+00   7.248686191500001E-02   8.807586401700001E-03
  -1.204803397300000E+00   9.860757731899999E-01   9.835030462500000E-01   0.000000000000000E+00   7.118418702600000E-02   8.344268325200001E-03
  -1.204562548800000E+00   9.858996311600000E-01   9.834137298200000E-01   0.000000000000000E+00   6.996798359799999E-02   7.911129872400001E-03
  -1.204333205500000E+00   9.857346786200000E-01   9.833287327500000E-01   0.000000000000000E+00   6.882920876800000E-02   7.504230887800000E-03
  -1.204114432800000E+00   9.855797668000000E-01   9.832476978700000E-01   0.000000000000000E+00   6.776017537500000E-02   7.120270068200000E-03
  -1.203905454700000E+00   9.854339422600000E-01   9.831703289600000E-01   0.000000000000000E+00   6.675446658700000E-02   6.756450186700000E-03
  -1.203705601100000E+00   9.852963915500000E-01   9.830963706700000E-01   0.000000000000000E+00   6.580657399000001E-02   6.410380762000000E-03
  -1.203514304500000E+00   9.851664256200000E-01   9.830256069100000E-01   0.000000000000000E+00   6.491180418100000E-02   6.079999739800000E-03
  -1.203331082900000E+00   9.850434573700000E-01   9.829578543200000E-01   0.000000000000000E+00   6.406613408000000E-02   5.763513387000000E-03
  -1.203155527100000E+00   9.849269846099999E-01   9.828929572900000E-01   0.000000000000000E+00   6.326610101400000E-02   5.459348516300000E-03
  -1.202987299200000E+00   9.848165822800000E-01   9.828307872499999E-01   0.000000000000000E+00   6.250875435500000E-02   5.166113777800000E-03
  -1.202826117100000E+00   9.847118864800000E-01   9.827712367400000E-01   0.000000000000000E+00   6.179154961700000E-02   4.882568864200000E-03
  -1.202671754900000E+00   9.846125907800000E-01   9.827142196700001E-01   0.000000000000000E+00   6.111232595300000E-02   4.607598567100000E-03
  -1.202524037000000E+00   9.845184380500001E-01   9.826596686900000E-01   0.000000000000000E+00   6.046925173400000E-02   4.340191462800000E-03
  -1.202382827800000E+00   9.844292116500000E-01   9.826075317600000E-01   0.000000000000000E+00   5.986076572100000E-02   4.079421882900000E-03
  -1.202248039500000E+00   9.843447371000000E-01   9.825577745500000E-01   0.000000000000000E+00   5.928558961900000E-02   3.824433967400000E-03
  -1.202119633800000E+00   9.842648815900000E-01   9.825103813300000E-01   0.000000000000000E+00   5.874272470500000E-02   3.574427767600000E-03
  -1.201997604800000E+00   9.841895410900000E-01   9.824653484800000E-01   0.000000000000000E+00   5.823136470500000E-02   3.328647023300000E-03
  -1.201881994400000E+00   9.841186486900000E-01   9.824226901899999E-01   0.000000000000000E+00   5.775095246200000E-02   3.086367056700000E-03
  -1.201772878100000E+00   9.840521643800000E-01   9.823824331300000E-01   0.000000000000000E+00   5.730111093700000E-02   2.846883523500000E-03
  -1.201670390800000E+00   9.839900899500000E-01   9.823446260499999E-01   0.000000000000000E+00   5.688174377300000E-02   2.609500358300000E-03
  -1.201574699200000E+00   9.839324510400000E-01   9.823093295100001E-01   0.000000000000000E+00   5.649291431100000E-02   2.373517651400000E-03
  -1.201486019900000E+00   9.838793076100000E-01   9.822766225200000E-01   0.000000000000000E+00   5.613491593600000E-02   2.138217447100000E-03
  -1.201404628100000E+00   9.838307584900000E-01   9.822466058000000E-01   0.000000000000000E+00   5.580830367000000E-02   1.902847450500000E-03
  -1.201330867600000E+00   9.837869469900000E-01   9.822194054700000E-01   0.000000000000000E+00   5.551393133200000E-02   1.666601719800000E-03
  -1.201265142800000E+00   9.837480554600000E-01   9.821951699400000E-01   0.000000000000000E+00   5.525291627900000E-02   1.428598307000000E-03
  -1.201207962800000E+00   9.837143319400000E-01   9.821740864500000E-01   0.000000000000000E+00   5.502681860700000E-02   1.187856529100000E-03
  -1.201159930700000E+00   9.836860832900000E-01   9.821563767800000E-01   0.000000000000000E+00   5.483759657200000E-02   9.432908355300000E-04
  -1.201121832000000E+00   9.836637280500000E-01   9.821423301400000E-01   0.000000000000000E+00   5.468796250500000E-02   6.937949414300000E-04
  -1.201094636400000E+00   9.836477981200000E-01   9.821323036500000E-01   0.000000000000000E+00   5.458139664800000E-02   4.387786613600000E-04
  -1.201079506400000E+00   9.836389455600000E-01   9.821267256000000E-01   0.000000000000000E+00   5.452219806200000E-02   1.813026101500000E-04
  -1.201076658200000E+00   9.836372799100001E-01   9.821256755700000E-01   0.000000000000000E+00   5.451106132600000E-02  -4.966415345600000E-05
  -1.201079205400000E+00   9.836387695200000E-01   9.821266146299999E-01   0.000000000000000E+00   5.452102100400000E-02  -1.722373130600000E-04
  -1.201084146100000E+00   9.836416594700000E-01   9.821284361200000E-01   0.000000000000000E+00   5.454034478800000E-02  -2.858665404300000E-04
  -1.201091100300000E+00   9.836457284800000E-01   9.821309999600000E-01   0.000000000000000E+00   5.456755524100000E-02  -3.937679806900000E-04
  -1.201099852000000E+00   9.836508513900000E-01   9.821342265200000E-01   0.000000000000000E+00   5.460181809400000E-02  -4.976861245600000E-04
  -1.201110279300000E+00   9.836569581900000E-01   9.821380708500000E-01   0.000000000000000E+00   5.464266823800000E-02  -5.986485045800000E-04
  -1.201122288300000E+00   9.836639955199999E-01   9.821424983600000E-01   0.000000000000000E+00   5.468975217900000E-02  -6.973248034800000E-04
  -1.201135811500000E+00   9.836719255500000E-01   9.821474841900000E-01   0.000000000000000E+00   5.474282069200000E-02  -7.941858167000000E-04
  -1.201150782800000E+00   9.836807114000000E-01   9.821530039800000E-01   0.000000000000000E+00   5.480163096900000E-02  -8.895819814100000E-04
  -1.201175755000000E+00   9.836953818800001E-01   9.821622112000000E-01   0.000000000000000E+00   5.489986543700000E-02  -1.029923640900000E-03
  -1.201203740200000E+00   9.837118455900000E-01   9.821725295000000E-01   0.000000000000000E+00   5.501015772900000E-02  -1.168320544200000E-03
  -1.201234659300000E+00   9.837300640500000E-01   9.821839298700000E-01   0.000000000000000E+00   5.513226656300000E-02  -1.305311068600000E-03
  -1.201268428600000E+00   9.837499965299999E-01   9.821963815400000E-01   0.000000000000000E+00   5.526593676900000E-02  -1.441332316500000E-03
  -1.201305013900000E+00   9.837716320400000E-01   9.822098719400000E-01   0.000000000000000E+00   5.541111319300000E-02  -1.576753507000000E-03
  -1.201344370100000E+00   9.837949539200000E-01   9.822243845700001E-01   0.000000000000000E+00   5.556770398600000E-02  -1.711897583900000E-03
  -1.201386471900000E+00   9.838199579700000E-01   9.822399102400000E-01   0.000000000000000E+00   5.573570146000000E-02  -1.847055048800000E-03
  -1.201454578400000E+00   9.838605275800000E-01   9.822650268499999E-01   0.000000000000000E+00   5.600852390500000E-02  -2.049866935500000E-03
  -1.201528838500000E+00   9.839049353800000E-01   9.822924146599999E-01   0.000000000000000E+00   5.630749476600000E-02  -2.254164482600000E-03
  -1.201609312100000E+00   9.839532644800000E-01   9.823220963600000E-01   0.000000000000000E+00   5.663325606200000E-02  -2.460745230500000E-03
  -1.201696110600000E+00   9.840056344500000E-01   9.823541135900000E-01   0.000000000000000E+00   5.698670142600000E-02  -2.670395567300000E-03
  -1.201789396000000E+00   9.840622024500000E-01   9.823885269200000E-01   0.000000000000000E+00   5.736898526100000E-02  -2.883912852000000E-03
  -1.201889360100000E+00   9.841231513900000E-01   9.824254078200000E-01   0.000000000000000E+00   5.778144311800000E-02  -3.102125340100000E-03
  -1.201996268500000E+00   9.841887190200000E-01   9.824648553899999E-01   0.000000000000000E+00   5.822578954900000E-02  -3.325909695400000E-03
  -1.202110439700000E+00   9.842591866300000E-01   9.825069881600000E-01   0.000000000000000E+00   5.870404312000000E-02  -3.556210460600000E-03
  -1.202232230200000E+00   9.843348728900000E-01   9.825519390700000E-01   0.000000000000000E+00   5.921848552200000E-02  -3.794061392300000E-03
  -1.202362082500000E+00   9.844161662599999E-01   9.825998730200000E-01   0.000000000000000E+00   5.977188248700000E-02  -4.040607670500000E-03
  -1.202500510600000E+00   9.845035200400000E-01   9.826509816600000E-01   0.000000000000000E+00   6.036745166500000E-02  -4.297134277700000E-03
  -1.202648106400000E+00   9.845974609800000E-01   9.827054856900000E-01   0.000000000000000E+00   6.100892198600000E-02  -4.565099831600000E-03
  -1.202805565200000E+00   9.846986118800000E-01   9.827636446800000E-01   0.000000000000000E+00   6.170068814400000E-02  -4.846177567800000E-03
  -1.202973701000000E+00   9.848077090200000E-01   9.828257626700000E-01   0.000000000000000E+00   6.244793016500000E-02  -5.142307695000000E-03
  -1.203153465500000E+00   9.849256245500000E-01   9.828921952900000E-01   0.000000000000000E+00   6.325676503100000E-02  -5.455764653500000E-03
  -1.203345965300000E+00   9.850533913900000E-01   9.829633567600000E-01   0.000000000000000E+00   6.413441476200001E-02  -5.789245527600000E-03
  -1.203552523700000E+00   9.851922612200000E-01   9.830397426900001E-01   0.000000000000000E+00   6.508959869000000E-02  -6.145984416100000E-03
  -1.203774715900000E+00   9.853437529500000E-01   9.831219439800000E-01   0.000000000000000E+00   6.613285670999999E-02  -6.529910115500000E-03
  -1.204014430100000E+00   9.855097269000000E-01   9.832106698999999E-01   0.000000000000000E+00   6.727704218500000E-02  -6.945863075600000E-03
  -1.204273964200000E+00   9.856924985500000E-01   9.833067852300000E-01   0.000000000000000E+00   6.853807566200000E-02  -7.399899826800000E-03
  -1.204556166400000E+00   9.858950045500000E-01   9.834113637700000E-01   0.000000000000000E+00   6.993603936600000E-02  -7.899731810900000E-03
  -1.204864588600000E+00   9.861210131700000E-01   9.835257480000000E-01   0.000000000000000E+00   7.149654286899999E-02  -8.455386968699999E-03
  -1.205203802000000E+00   9.863755075700000E-01   9.836516700200000E-01   0.000000000000000E+00   7.325321844200000E-02  -9.080216216800000E-03
  -1.205579812500000E+00   9.866652431700000E-01   9.837914128000000E-01   0.000000000000000E+00   7.525130011800001E-02  -9.792523024200001E-03
  -1.206000763000000E+00   9.869996978000000E-01   9.839480831300000E-01   0.000000000000000E+00   7.755367931700000E-02  -1.061831871700000E-02
  -1.206478181600000E+00   9.873927935500000E-01   9.841260991100000E-01   0.000000000000000E+00   8.025179002200000E-02  -1.159628001900000E-02
  -1.207029298700000E+00   9.878662115500000E-01   9.843321002099999E-01   0.000000000000000E+00   8.348633669300000E-02  -1.278746148600000E-02
  -1.207681904800000E+00   9.884565848000000E-01   9.845768692400000E-01   0.000000000000000E+00   8.749176296300000E-02  -1.429653432300000E-02
  -1.208486178900000E+00   9.892337536000000E-01   9.848800532500001E-01   0.000000000000000E+00   9.270760464400001E-02  -1.632618480400000E-02
  -1.209550787800000E+00   9.903598063800000E-01   9.852847645700000E-01   0.000000000000000E+00   1.001323064300000E-01  -1.935539005700000E-02
  -1.211200644100000E+00   9.923776495900000E-01   9.859231922800000E-01   0.000000000000000E+00   1.129993731300000E-01  -2.502960113300000E-02
  -1.213838971600000E+00   9.966334407300000E-01   9.869987607100000E-01   0.000000000000000E+00   1.382449331700000E-01  -3.783212083900000E-02
  -1.214745834000000E+00   9.985643297200000E-01   9.873990244300000E-01   0.000000000000000E+00   1.489089894600000E-01  -4.392262139900000E-02
  -1.215118946900000E+00   9.994670212000000E-01   9.875717676100000E-01   0.000000000000000E+00   1.537411144700000E-01  -4.681678404600000E-02
  -1.215452405600000E+00   1.000342177000000E+00   9.877315372700000E-01   0.000000000000000E+00   1.583378709700000E-01  -4.964779571900000E-02
  -1.215752813000000E+00   1.001197129800000E+00   9.878808959399999E-01   0.000000000000000E+00   1.627483583600000E-01  -5.243538269000000E-02
  -1.216024919900000E+00   1.002037401400000E+00   9.880217199000000E-01   0.000000000000000E+00   1.670090858700000E-01  -5.519455240800000E-02
  -1.216387334600000E+00   1.003279039400000E+00   9.882199014200000E-01   0.000000000000000E+00   1.731769539900000E-01  -5.930392498200000E-02
  -1.216843142000000E+00   1.005118582400000E+00   9.884941267300000E-01   0.000000000000000E+00   1.820514382400000E-01  -6.545503324800001E-02
  -1.217208182500000E+00   1.006951103000000E+00   9.887472164300000E-01   0.000000000000000E+00   1.906029008400000E-01  -7.164754258000000E-02
  -1.217492112500000E+00   1.008791802700000E+00   9.889839756200000E-01   0.000000000000000E+00   1.989261095800000E-01  -7.792377628400000E-02
  -1.217776798900000E+00   1.011589563400000E+00   9.893152308600000E-01   0.000000000000000E+00   2.111132843500000E-01  -8.755462983100000E-02
  -1.217898136400000E+00   1.014452831500000E+00   9.896241263200000E-01   0.000000000000000E+00   2.230664384500000E-01  -9.750657075499999E-02
  -1.217903051900000E+00   1.015166422300000E+00   9.896969829800000E-01   0.000000000000000E+00   2.259706769600000E-01  -9.999986861600001E-02
  -1.217820176100000E+00   1.018133250000000E+00   9.899844205100000E-01   0.000000000000000E+00   2.377523119300000E-01  -1.104148825300000E-01
  -1.217567002600000E+00   1.021194672700000E+00   9.902579762300000E-01   0.000000000000000E+00   2.494548057400000E-01  -1.212348949400000E-01
  -1.217134643300000E+00   1.024357712000000E+00   9.905197374300000E-01   0.000000000000000E+00   2.611117996100000E-01  -1.324806080700000E-01
  -1.216512076500000E+00   1.027627006700000E+00   9.907712348900000E-01   0.000000000000000E+00   2.727446150300000E-01  -1.441658198900000E-01
  -1.215686763000000E+00   1.031005191000000E+00   9.910136104500000E-01   0.000000000000000E+00   2.843654828200000E-01  -1.562983529900000E-01
  -1.214645154100000E+00   1.034493092000000E+00   9.912477239200000E-01   0.000000000000000E+00   2.959795724300000E-01  -1.688805106300000E-01
  -1.213373152600000E+00   1.038089846200000E+00   9.914742254000000E-01   0.000000000000000E+00   3.075863930800000E-01  -1.819093092400000E-01
  -1.211856560000000E+00   1.041792973900000E+00   9.916936061500000E-01   0.000000000000000E+00   3.191808140800000E-01  -1.953766222300000E-01
  -1.210081518800000E+00   1.045598451500000E+00   9.919062362600000E-01   0.000000000000000E+00   3.307538967300000E-01  -2.092693317300000E-01
  -1.208034948000000E+00   1.049500796200000E+00   9.921123935100000E-01   0.000000000000000E+00   3.422936165600000E-01  -2.235695486500000E-01
  -1.205704960000000E+00   1.053493180500000E+00   9.923122863900000E-01   0.000000000000000E+00   3.537855391700000E-01  -2.382549401300000E-01
  -1.203081242100000E+00   1.057567582000000E+00   9.925060729300000E-01   0.000000000000000E+00   3.652134796200000E-01  -2.532991854000000E-01
  -1.200155385200000E+00   1.061714967200000E+00   9.926938762800001E-01   0.000000000000000E+00   3.765601406000000E-01  -2.686725593300000E-01
  -1.196921139400000E+00   1.065925508500000E+00   9.928757976800000E-01   0.000000000000000E+00   3.878077358600000E-01  -2.843426312800000E-01
  -1.193374585000000E+00   1.070188823200000E+00   9.930519270600000E-01   0.000000000000000E+00   3.989385759800000E-01  -3.002750452300000E-01
  -1.189514208900000E+00   1.074494223400000E+00   9.932223515400000E-01   0.000000000000000E+00   4.099356004100000E-01  -3.164343483000000E-01
  -1.185340886200000E+00   1.078830964700000E+00   9.933871618500000E-01   0.000000000000000E+00   4.207828383500000E-01  -3.327848133800000E-01
  -1.180857774600000E+00   1.083188479400000E+00   9.935464569400000E-01   0.000000000000000E+00   4.314657805900000E-01  -3.492912255000000E-01
  -1.176070133600000E+00   1.087556583700000E+00   9.937003468000000E-01   0.000000000000000E+00   4.419716547800000E-01  -3.659195794600000E-01
  -1.170985085500000E+00   1.091925651500000E+00   9.938489538200000E-01   0.000000000000000E+00   4.522896035600000E-01  -3.826376703800000E-01
  -1.165611338400000E+00   1.096286749000000E+00   9.939924129900000E-01   0.000000000000000E+00   4.624107687000000E-01  -3.994155575700000E-01
  -1.159958891300000E+00   1.100631728900000E+00   9.941308710200000E-01   0.000000000000000E+00   4.723282903700000E-01  -4.162258920500000E-01
  -1.154038736900000E+00   1.104953286300000E+00   9.942644848400000E-01   0.000000000000000E+00   4.820372383400000E-01  -4.330441160100000E-01
  -1.147862577500000E+00   1.109244981200000E+00   9.943934197099999E-01   0.000000000000000E+00   4.915344904000000E-01  -4.498485529100000E-01
  -1.141442566000000E+00   1.113501229300000E+00   9.945178469900000E-01   0.000000000000000E+00   5.008185695100000E-01  -4.666203873600000E-01
  -1.134791074700000E+00   1.117717272500000E+00   9.946379420400000E-01   0.000000000000000E+00   5.098894640400000E-01  -4.833435775500000E-01
  -1.127920502000000E+00   1.121889130400000E+00   9.947538820400000E-01   0.000000000000000E+00   5.187484314700000E-01  -5.000047016100000E-01
  -1.120843108000000E+00   1.126013542100000E+00   9.948658441500000E-01   0.000000000000000E+00   5.273978091800000E-01  -5.165927686400000E-01
  -1.113570888200000E+00   1.130087899700000E+00   9.949740038200000E-01   0.000000000000000E+00   5.358408278700000E-01  -5.330990052300000E-01
  -1.106115474800000E+00   1.134110180400000E+00   9.950785333600000E-01   0.000000000000000E+00   5.440814403100001E-01  -5.495166276100000E-01
  -1.098488065700000E+00   1.138078877800000E+00   9.951796008000000E-01   0.000000000000000E+00   5.521241655900000E-01  -5.658406208900000E-01
  -1.090699374300000E+00   1.141992937700000E+00   9.952773690600000E-01   0.000000000000000E+00   5.599739533800000E-01  -5.820675231100000E-01
  -1.078736475200000E+00   1.147760045800000E+00   9.954181731100000E-01   0.000000000000000E+00   5.713980953900000E-01  -6.062207753100000E-01
  -1.066465700800000E+00   1.153401934700000E+00   9.955524099300000E-01   0.000000000000000E+00   5.824185969300000E-01  -6.301487141500000E-01
  -1.053916590200000E+00   1.158919024200000E+00   9.956805490700000E-01   0.000000000000000E+00   5.930544232500000E-01  -6.538534898200000E-01
  -1.041116112400000E+00   1.164312731300000E+00   9.958030259900000E-01   0.000000000000000E+00   6.033245144100000E-01  -6.773408034800000E-01
  -1.028088813600000E+00   1.169585209300000E+00   9.959202427000000E-01   0.000000000000000E+00   6.132474476599999E-01  -7.006190240400000E-01
  -1.014856992600000E+00   1.174739140300000E+00   9.960325690500000E-01   0.000000000000000E+00   6.228412070000000E-01  -7.236984859700000E-01
  -1.001440896500000E+00   1.179777566900000E+00   9.961403444700000E-01   0.000000000000000E+00   6.321230271000000E-01  -7.465909228099999E-01
  -9.878589122000000E-01   1.184703763400000E+00   9.962438799900000E-01   0.000000000000000E+00   6.411093032400000E-01  -7.693090259299999E-01
  -9.672114542100000E-01   1.191889953700000E+00   9.963918467500000E-01   0.000000000000000E+00   6.540680006400000E-01  -8.030878498100000E-01
  -9.462782114100000E-01   1.198842996400000E+00   9.965317704100000E-01   0.000000000000000E+00   6.664450169400000E-01  -8.365507414000000E-01
  -9.251030461200000E-01   1.205574439600000E+00   9.966644046299999E-01   0.000000000000000E+00   6.782844492100000E-01  -8.697443096600000E-01
  -9.037244697100000E-01   1.212095457200000E+00   9.967904098800000E-01   0.000000000000000E+00   6.896261858100000E-01  -9.027146778300000E-01
  -8.821765276700000E-01   1.218416694500000E+00   9.969103659500000E-01   0.000000000000000E+00   7.005062196300000E-01  -9.355069305300000E-01
  -8.604895537100000E-01   1.224548182900000E+00   9.970247828400000E-01   0.000000000000000E+00   7.109569850500000E-01  -9.681647917400000E-01
  -8.386907971300001E-01   1.230499303000000E+00   9.971341102200000E-01   0.000000000000000E+00   7.210076982400000E-01  -1.000730469100000E+00

