0.0 0.009158581426173873 -1.0020197599505676e-06 0.009174698079330135
0.0009775171065493637 0.00915908528884063 -1.0130566143046194e-06 0.009174623540328358
0.0019550342130987275 0.009159594114976966 -1.0218866181230246e-06 0.009174551727819447
0.0029325513196480912 0.009160106820666397 -1.0285878797450243e-06 0.009174482649895413
0.003910068426197455 0.009160622361143428 -1.0332388689152094e-06 0.009174416309630715
0.004887585532746819 0.009161139730936518 -1.0359182675973022e-06 0.009174352705284217
0.0058651026392961825 0.009161657963938238 -1.0367048271092694e-06 0.009174291830492343
0.006842619745845546 0.00916217613340542 -1.035677230656895e-06 0.009174233674470733
0.00782013685239491 0.00916269335189146 -1.0329139590731229e-06 0.009174178222215598
0.008797653958944274 0.009163208771113353 -1.0284931655918372e-06 0.009174125454702073
0.009775171065493637 0.009163721581757028 -1.0224925528420914e-06 0.009174075349087332
0.010752688172043001 0.00916423101322299 -1.0149892581759468e-06 0.009174027878908836
0.011730205278592365 0.009164736333316098 -1.0060597431388318e-06 0.0091739830142821
0.012707722385141729 0.009165236847881328 -9.957796900696148e-07 0.009173940722100093
0.013685239491691092 0.009165731900389357 -9.842239034885125e-07 0.00917390096622045
0.014662756598240456 0.009166220871474222 -9.714662179208244e-07 0.009173863707665014
0.01564027370478982 0.009166703178426557 -9.575794104044189e-07 0.009173828904802492
0.016617790811339184 0.009167178274644333 -9.426351206681671e-07 0.009173796513536517
0.017595307917888547 0.009167645649044945 -9.267037743287965e-07 0.009173766487484414
0.01857282502443791 0.009168104825440393 -9.098545132955188e-07 0.009173738778156762
0.019550342130987275 0.009168555361879022 -8.921551303102404e-07 0.009173713335128966
0.02052785923753664 0.009168996849955993 -8.736720100918638e-07 0.009173690106217616
0.021505376344086002 0.009169428914094863 -8.544700736377864e-07 0.00917366903763403
0.022482893450635366 0.009169851210803631 -8.346127294374048e-07 0.009173650074157935
0.02346041055718473 0.009170263427906916 -8.141618279278173e-07 0.00917363315928306
0.024437927663734094 0.009170665283756443 -7.931776211406866e-07 0.009173618235376532
0.025415444770283457 0.009171056526422694 -7.717187265107034e-07 0.009173605243820965
0.02639296187683282 0.009171436932869842 -7.498420966536683e-07 0.009173594125162027
0.027370478983382185 0.009171806308116093 -7.276029903423992e-07 0.009173584819242818
0.02834799608993155 0.009172164484381004 -7.050549510555747e-07 0.009173577265339516
0.029325513196480912 0.009172511320222634 -6.822497860854834e-07 0.009173571402287306
0.030303030303030276 0.009172846699665449 -6.592375524261569e-07 0.009173567168605283
0.03128054740957964 0.009173170531322453 -6.360665443957113e-07 0.00917356450261679
0.032258064516129004 0.009173482747511272 -6.127832855230722e-07 0.00917356334256312
0.03323558162267837 0.00917378330336728 -5.894325230744349e-07 0.009173563626710741
0.03421309872922773 0.009174072175955339 -5.660572273991646e-07 0.00917356529345973
0.035190615835777095 0.009174349363381337 -5.426985928362171e-07 0.009173568281439136
0.036168132942326514 0.009174614883905294 -5.193960421470342e-07 0.009173572529609264
0.03714565004887588 0.009174868775056882 -4.961872335001918e-07 0.009173577977346595
0.03812316715542524 0.00917511109275633 -4.731080718858253e-07 0.009173584564533113
0.039100684261974605 0.009175341910439866 -4.5019271934887244e-07 0.009173592231634373
0.04007820136852397 0.009175561318192735 -4.2747361211686527e-07 0.00917360091978369
0.04105571847507333 0.00917576942188987 -4.0498147612332003e-07 0.009173610570848673
0.0420332355816227 0.00917596634234627 -3.827453487607359e-07 0.009173621127500822
0.04301075268817206 0.009176152214477235 -3.607925980321589e-07 0.009173632533281989
0.043988269794721424 0.009176327186469893 -3.391489469244807e-07 0.009173644732664653
0.04496578690127079 0.009176491418966926 -3.178384993373501e-07 0.009173657671103695
0.04594330400782015 0.00917664508426369 -2.968837664121555e-07 0.009173671295094367
0.046920821114369515 0.009176788365518912 -2.7630569569446137e-07 0.009173685552214761
0.04789833822091888 0.00917692145598023 -2.561237000093478e-07 0.009173700391171977
0.04887585532746824 0.009177044558224698 -2.3635569007030878e-07 0.009173715761842838
0.04985337243401761 0.009177157883416012 -2.170181065683837e-07 0.009173731615310175
0.05083088954056697 0.0091772616505775 -1.9812595371412021e-07 0.009173747903895801
0.051808406647116334 0.00917735608588302 -1.7969283481935466e-07 0.009173764581189743
0.0527859237536657 0.009177441421964805 -1.6173098665341057e-07 0.009173781602075423
0.05376344086021506 0.009177517897240056 -1.4425131787763196e-07 0.009173798922754953
0.054740957966764425 0.009177585755255652 -1.2726344499470847e-07 0.009173816500766374
0.05571847507331379 0.009177645244051597 -1.1077573059282281e-07 0.009173834295002431
0.05669599217986315 0.009177696615543601 -9.479532150891666e-08 0.009173852265721233
0.057673509286412517 0.009177740124925518 -7.932818911699294e-08 0.009173870374560245
0.05865102639296188 0.009177776030090595 -6.437916729384006e-08 0.009173888584542315
0.059628543499511244 0.009177804591073369 -4.995199339450154e-08 0.009173906860081515
0.06060606060606061 0.009177826069510744 -3.6049346398845175e-08 0.009173925166984412
0.06158357771260997 0.009177840728123485 -2.26728891954478e-08 0.00917394347245426
0.06256109481915934 0.009177848830217827 -9.823307662746791e-09 0.009173961745085148
0.0635386119257087 0.009177850639206939 2.499649232176257e-09 0.009173979954860592
0.06451612903225806 0.009177846418152932 1.4297128342983731e-08 0.00917399807314652
0.06549364613880743 0.009177836429329053 2.557113198010247e-08 0.009174016072681326
0.06647116324535679 0.009177820933801234 3.63244800117863e-08 0.009174033927567833
0.06744868035190615 0.009177800191030011 4.656076696787394e-08 0.009174051613261597
0.06842619745845552 0.009177774458493021 5.6284324249488565e-08 0.009174069106555337
0.06940371456500488 0.009177743991326301 6.550018013520495e-08 0.009174086385564467
0.07038123167155425 0.009177709041985546 7.42140208794418e-08 0.00917410342970984
0.07135874877810361 0.009177669859926837 8.243215246939856e-08 0.009174120219700939
0.07233626588465297 0.00917762669130652 9.01614613875619e-08 0.009174136737513577
0.07331378299120234 0.009177579778700401 9.740937745457943e-08 0.009174152966370273
0.0742913000977517 0.009177529360841125 1.0418383688745592e-07 0.009174168890717278
0.07526881720430106 0.009177475672374369 1.1049324544361826e-07 0.009174184496201037
0.07624633431085043 0.009177418943633359 1.1634644112371029e-07 0.00917419976964183
0.07722385141739979 0.00917735940043131 1.2175266057954e-07 0.009174214699009843
0.07820136852394916 0.009177297263870732 1.2672150329290713e-07 0.009174229273395392
0.07917888563049852 0.009177232750170988 1.3126289811495571e-07 0.009174243482982215
0.08015640273704788 0.00917716607051132 1.353870698857576e-07 0.009174257319016287
0.08113391984359725 0.009177097430891401 1.3910450751474998e-07 0.009174270773776059
0.08211143695014661 0.009177027032006957 1.4242593275939908e-07 0.009174283840539896
0.08308895405669597 0.00917695506914104 1.4536226943320796e-07 0.009174296513554257
0.08406647116324534 0.009176881732070222 1.479246148810079e-07 0.009174308787996
0.0850439882697947 0.00917680720498476 1.5012421263537953e-07 0.009174320659940834
0.08602150537634412 0.009176731666422244 1.5197242537274766e-07 0.009174332126322553
0.08699902248289348 0.00917665528921452 1.5348070961786024e-07 0.009174343184899982
0.08797653958944285 0.009176578240446459 1.546605924256355e-07 0.009174353834213462
0.08895405669599221 0.009176500681426406 1.555236500405937e-07 0.009174364073548207
0.08993157380254158 0.009176422767666559 1.5608148741866334e-07 0.009174373902890397
0.09090909090909094 0.009176344648873229 1.5634571931349116e-07 0.00917438332288736
0.0918866080156403 0.009176266468946613 1.5632795428380947e-07 0.009174392334800233
0.09286412512218967 0.009176188365986764 1.5603978141195962e-07 0.009174400940464702
0.09384164222873903 0.009176110472306903 1.5549275720824762e-07 0.009174409142242868
0.0948191593352884 0.009176032914451931 1.5469839691716059e-07 0.009174416942979333
0.09579667644183776 0.009175955813221476 1.5366816591465618e-07 0.009174424345954614
0.09677419354838712 0.009175879283695516 1.5241347604399297e-07 0.009174431354840843
0.09775171065493649 0.009175803435262267 1.5094568312553486e-07 0.00917443797365594
0.09872922776148585 0.009175728371646118 1.4927608642202259e-07 0.009174444206720773
0.09970674486803521 0.009175654190935328 1.4741593139071252e-07 0.009174450058615048
0.10068426197458458 0.009175580985608 1.453764150952802e-07 0.009174455534139904
0.10166177908113394 0.009175508842554428 1.4316869232332274e-07 0.009174460638280197
0.1026392961876833 0.009175437843096289 1.4080388489336702e-07 0.009174465376172818
0.10361681329423267 0.00917536806300049 1.382930913756096e-07 0.009174469753079877
0.10459433040078203 0.009175299572488152 1.3564739834159845e-07 0.00917447377437165
0.1055718475073314 0.009175232436237718 1.3287789241102008e-07 0.009174477445515389
0.10654936461388076 0.009175166713382116 1.2999566920525799e-07 0.009174480772079188
0.10752688172043012 0.009175102457502533 1.27011842697769e-07 0.009174483759744726
0.10850439882697949 0.009175039716616984 1.2393755155232916e-07 0.009174486414342937
0.10948191593352885 0.009174978533168038 1.2078395841223083e-07 0.009174488741904269
0.11045943304007821 0.009174918944011984 1.1756224456058693e-07 0.009174490748733635
0.11143695014662758 0.009174860980412924 1.1428359355061292e-07 0.00917449244150932
0.11241446725317694 0.00917480466804766 1.1095916497162045e-07 0.009174493827411055
0.1133919843597263 0.009174750027028257 1.0760005038357168e-07 0.009174494914277066
0.11436950146627567 0.009174697071949428 1.042172163064764e-07 0.009174495710790714
0.11534701857282503 0.00917464581197032 1.0082142192380933e-07 0.009174496226695656
0.1163245356793744 0.009174596250943738 9.742311550520709e-08 0.009174496473040339
0.11730205278592376 0.009174548387602087 9.403230533198276e-08 0.009174496462441022
0.11827956989247312 0.009174502215816664 9.065839935750233e-08 0.00917449620935915
0.11925708699902249 0.00917445772494302 8.731001823305065e-08 0.009174495730379569
0.12023460410557185 0.009174414900268296 8.39947763358554e-08 0.00917449504448055
0.12121212121212122 0.009174373723574561 8.071903667282616e-08 0.009174494173269914
0.12218963831867058 0.00917433417383133 7.748763848841947e-08 0.009174493141177924
0.12316715542521994 0.00917429622803001 7.430360574934604e-08 0.009174491975575062
0.1241446725317693 0.009174259862167113 7.11678427996968e-08 0.009174490706795798
0.12512218963831867 0.009174225052380885 6.807882682396092e-08 0.009174489368034982
0.12609970674486803 0.009174191776240348 6.503231053537131e-08 0.009174487995087978
0.1270772238514174 0.009174160014176203 6.202105182532246e-08 0.009174486625897248
0.12805474095796676 0.009174129751037062 5.9034589198645945e-08 0.009174485299866603
0.12903225806451613 0.00917410097774067 5.605908972162836e-08 0.009174484056901754
0.1300097751710655 0.009174073692977833 5.307729519983019e-08 0.00917448293612703
0.13098729227761485 0.00917404790491105 5.006860331565645e-08 0.009174481974232302
0.13196480938416422 0.009174023632791281 4.7009322334335205e-08 0.009174481203402238
0.13294232649071358 0.009174000908394531 4.387314277349598e-08 0.009174480648782263
0.13391984359726294 0.009173979777158128 4.063187658011856e-08 0.009174480325449345
0.1348973607038123 0.009173960298870413 3.7256514129422463e-08 0.009174480234882246
0.13587487781036167 0.009173942547740128 3.3718655063604344e-08 0.009174480360934528
0.13685239491691104 0.009173926611647655 2.999235952042684e-08 0.0091744806653793
0.1378299120234604 0.009173912590355254 2.6056467351820434e-08 0.009174481083131326
0.13880742913000976 0.009173900592433962 2.1897415371620668e-08 0.009174481517336278
0.13978494623655913 0.009173890730655311 1.751256006052651e-08 0.009174481834605955
0.1407624633431085 0.009173883115598757 1.2913986154744483e-08 0.009174481860790876
0.14173998044965785 0.00917387784724576 8.132734889611942e-09 0.009174481377816658
0.14271749755620722 0.00917387500437972 3.223326116002373e-09 0.009174480122274646
0.14369501466275658 0.009173874631690924 -1.731624354756739e-09 0.00917447778663171
0.14467253176930595 0.009173876724609162 -6.616990646819004e-09 0.009174474024126094
0.1456500488758553 0.009173881212062562 -1.128133758502084e-08 0.009174468458624215
0.14662756598240467 0.00917388793760317 -1.5534289202201457e-08 0.00917446070090303
0.14760508308895404 0.00917389663965267 -1.914577526119371e-08 0.009174450373003778
0.1485826001955034 0.009173906932022472 -2.184804405924376e-08 0.00917443714238064
0.14956011730205276 0.00917391828634916 -2.334150444802119e-08 0.009174420767547584
0.15053763440860213 0.009173930018664983 -2.3305643246209276e-08 0.009174401156676875
0.1515151515151515 0.00917394128297896 -2.1416387642686843e-08 0.009174378440028729
0.15249266862170086 0.009173951075451756 -1.7371358603315845e-08 0.009174353056028393
0.15347018572825022 0.009173958253457702 -1.0924374739020026e-08 0.009174325849028697
0.15444770283479958 0.009173961574445205 -1.9302826552870106e-09 0.009174298173983684
0.15542521994134895 0.009173959759903512 9.599453229709731e-09 0.009174271999067802
0.1564027370478983 0.009173951589699655 2.343110818954844e-08 0.009174249991124386
0.15738025415444767 0.009173936031260373 3.903559726587541e-08 0.009174235560263675
0.15835777126099704 0.009173912406105406 5.5513386023470224e-08 0.009174232828461469
0.1593352883675464 0.00917388059251411 7.15270879218452e-08 0.00917424647271214
0.16031280547409577 0.009173841256902009 8.525716069501116e-08 0.00917428137773254
0.16129032258064513 0.009173796097018587 9.440336546078648e-08 0.009174342020858348
0.1622678396871945 0.009173748066745613 9.626266990751982e-08 0.009174431512478251
0.16324535679374386 0.009173701535129265 8.792099789184382e-08 0.009174550246266925
0.16422287390029322 0.00917366231291881 6.659748763310908e-08 0.009174694198865529
0.16520039100684258 0.009173637462602286 3.016899691654293e-08 0.009174853082966401
0.16617790811339195 0.009173634800928377 -2.2129034771929332e-08 0.009175008807791487
0.1671554252199413 0.009173662018487764 -8.888880039621336e-08 0.00917513499696835
0.16813294232649068 0.00917372539347344 -1.6575403417071026e-07 0.009175198539212072
0.16911045943304004 0.009173828176851037 -2.4493089916303133e-07 0.009175164103565576
0.1700879765395894 0.009173968871036973 -3.1530726018829357e-07 0.009175002012093625
0.17106549364613877 0.009174139786812622 -3.634903672096977e-07 0.009174698708814487
0.17204301075268819 0.009174326387097975 -3.759217721121394e-07 0.009174267460015513
0.17302052785923755 0.009174507934010208 -3.4191692259335615e-07 0.00917375543931331
0.1739980449657869 0.009174659777058003 -2.570593825279013e-07 0.009173242878909832
0.17497556207233628 0.00917475723473334 -1.259995447595863e-07 0.009172831328803512
0.17595307917888564 0.0091747804967492 3.6436201198775456e-08 0.00917262143973837
0.176930596285435 0.009174719472909525 2.0666212682026851e-07 0.009172685171281897
0.17790811339198437 0.009174577251613691 3.564293516282197e-07 0.00917304102496765
0.17888563049853373 0.009174370981304268 4.58832676102929e-07 0.00917364170962485
0.1798631476050831 0.009174129587777722 4.946513077932601e-07 0.009174380450054753
0.18084066471163246 0.009173888634654404 4.571293955561587e-07 0.009175115734222451
0.18181818181818182 0.009173683516700094 3.536781173452911e-07 0.009175707255299098
0.1827956989247312 0.009173542710849716 2.039511625645616e-07 0.009176051352301548
0.18377321603128055 0.009173482785945597 3.493291019472655e-08 0.009176104504388521
0.18475073313782991 0.009173506301233602 -1.253962895629221e-07 0.009175888241907525
0.18572825024437928 0.009173602834147655 -2.5394151770199037e-07 0.009175475888113497
0.18670576735092864 0.009173752505811128 -3.3641070124675217e-07 0.009174967655401347
0.187683284457478 0.009173930810407595 -3.6857548344902853e-07 0.009174463401859515
0.18866080156402737 0.009174113437104215 -3.550795689012242e-07 0.009174041264518044
0.18963831867057673 0.009174280051011237 -3.0663926404647657e-07 0.009173746654872778
0.1906158357771261 0.00917441649593325 -2.3670472990879043e-07 0.009173591787442523
0.19159335288367546 0.009174515389778851 -1.584938493235169e-07 0.009173562768219921
0.19257086999022482 0.009174575451161291 -8.293793748352998e-08 0.00917363006783288
0.1935483870967742 0.00917460006301371 -1.767811714029066e-08 0.00917375871249646
0.19452590420332355 0.00917459556851128 3.304459349033617e-08 0.009173915951775326
0.19550342130987292 0.009174569674002927 6.790557452798773e-08 0.009174075681212063
0.19648093841642228 0.009174530176365624 8.773029557050498e-08 0.009174219989270867
0.19745845552297164 0.009174484091656731 9.468814601842901e-08 0.009174338713617301
0.198435972629521 0.009174437163952002 9.159493876103979e-08 0.00917442794270874
0.19941348973607037 0.009174393680923324 8.13884309933989e-08 0.009174488192720265
0.20039100684261973 0.009174356506332451 6.678271757929073e-08 0.009174522711108262
0.2013685239491691 0.009174327245667252 5.00754597879691e-08 0.009174536117288357
0.20234604105571846 0.009174306477766257 3.307019337918989e-08 0.009174533428533183
0.20332355816226783 0.009174294004385429 1.707646787104007e-08 0.009174519431683091
0.20430107526881724 0.009174289086856949 2.9568180133065364e-09 0.009174498327191298
0.2052785923753666 0.009174290652540797 -8.802592170963335e-09 0.009174473568818089
0.20625610948191597 0.009174297463479706 -1.8013545061027012e-08 0.009174447833181524
0.20723362658846534 0.009174308246090682 -2.470960266704337e-08 0.0091744230684001
0.2082111436950147 0.009174321784596892 -2.907790292827183e-08 0.009174400585362614
0.20918866080156406 0.009174336982960532 -3.140162424650119e-08 0.00917438116685592
0.21016617790811343 0.009174352900896498 -3.2013848279906394e-08 0.009174365178679185
0.2111436950146628 0.009174368769586282 -3.1262345854187953e-08 0.00917435267325737
0.21212121212121215 0.009174383992284185 -2.9484138419372946e-08 0.009174343480710667
0.21309872922776152 0.00917439813434817 -2.6988376763763776e-08 0.0091743372852784
0.21407624633431088 0.009174410906467385 -2.404599601857002e-08 0.009174333686904498
0.21505376344086025 0.00917442214410185 -2.088467284224252e-08 0.009174332248904496
0.2160312805474096 0.009174431785445816 -1.768775723077435e-08 0.009174332533283175
0.21700879765395897 0.009174439849608267 -1.459603464026675e-08 0.009174334125502353
0.21798631476050834 0.00917444641617959 -1.1711366181194928e-08 0.009174336650581651
0.2189638318670577 0.009174451606926561 -9.101447782933203e-09 0.00917433978228925
0.21994134897360706 0.0091744555700186 -6.80509415452394e-09 0.00917434324702358
0.22091886608015643 0.009174458466934059 -4.837610417666224e-09 0.009174346823779538
0.2218963831867058 0.009174460462006987 -3.19594181962023e-09 0.009174350341359935
0.22287390029325516 0.009174461714447156 -1.863387303453149e-09 0.009174353673788214
0.22385141739980452 0.00917446237258113 -8.137585604819052e-10 0.009174356734690277
0.22482893450635388 0.009174462570021354 -1.4925026655104173e-11 0.00917435947122085
0.22580645161290325 0.009174462423449619 5.68269380716354e-10 0.009174361857976697
0.2267839687194526 0.00917446203170837 9.716879729223388e-10 0.00917436389119782
0.22776148582600197 0.00917446147590997 1.2301374648733196e-09 0.009174365583473539
0.22873900293255134 0.009174460820301064 1.376098979558038e-09 0.009174366959062617
0.2297165200391007 0.009174460113654373 1.4388768093133962e-09 0.009174368049896133
0.23069403714565007 0.009174459390994228 1.4441040678265897e-09 0.009174368892259631
0.23167155425219943 0.00917445867549563 1.413529663652803e-09 0.00917436952414042
0.2326490713587488 0.00917445798043198 1.3650269269001878e-09 0.009174369983175043
0.23362658846529816 0.009174457311076495 1.3127631260149118e-09 0.009174370305140407
0.23460410557184752 0.009174456666487259 1.2674866279151556e-09 0.009174370522903475
0.23558162267839688 0.009174456041129462 1.2368841265336487e-09 0.009174370665759587
0.23655913978494625 0.009174455426307423 1.2259806580301388e-09 0.009174370759081032
0.2375366568914956 0.009174454811392993 1.2375503335862806e-09 0.00917437082421083
0.23851417399804498 0.009174454184848444 1.2725234376431346e-09 0.009174370878535603
0.23949169110459434 0.009174453535051008 1.3303715146661607e-09 0.009174370935692327
0.2404692082111437 0.00917445285093181 1.409464360003533e-09 0.009174371005866773
0.24144672531769307 0.009174452122445062 1.5073901673862307e-09 0.009174371096153648
0.24242424242424243 0.009174451340887084 1.6212348338817684e-09 0.009174371210950088
0.2434017595307918 0.009174450499086393 1.7478204951057452e-09 0.00917437135237262
0.24437927663734116 0.009174449591484479 1.8839015985768794e-09 0.009174371520675937
0.24535679374389052 0.009174448614129842 2.0263192718802253e-09 0.00917437171466929
0.24633431085043989 0.009174447564603757 2.172115407949194e-09 0.009174371932106924
0.24731182795698925 0.009174446441899617 2.318611013634505e-09 0.009174372170057118
0.2482893450635386 0.009174445246270677 2.463450123036358e-09 0.009174372425221816
0.24926686217008798 0.009174443979063692 2.6046152370854704e-09 0.009174372694204552
0.25024437927663734 0.009174442642550316 2.7404214713450115e-09 0.009174372973719735
0.2512218963831867 0.009174441239766268 2.869492793551587e-09 0.009174373260733379
0.25219941348973607 0.009174439774364433 2.9907303508713845e-09 0.009174373552546293
0.25317693059628543 0.009174438250485993 3.1032741550085507e-09 0.009174373846815903
0.2541544477028348 0.009174436672649666 3.206467260111201e-09 0.00917437414153763
0.25513196480938416 0.009174435045659093 3.2998228247094197e-09 0.009174374434997752
0.2561094819159335 0.00917443337452424 3.3829982842847883e-09 0.009174374725708947
0.2570869990224829 0.009174431664394442 3.455775894611879e-09 0.009174375012349297
0.25806451612903225 0.00917442992049949 3.5180499798059817e-09 0.009174375293710221
0.2590420332355816 0.009174428148096209 3.5698168865394564e-09 0.009174375568661264
0.260019550342131 0.009174426352418729 3.611170060029145e-09 0.009174375836134993
0.26099706744868034 0.009174424538631355 3.6422948502742858e-09 0.009174376095128837
0.2619745845552297 0.009174422711783845 3.663462481290347e-09 0.009174376344720356
0.26295210166177907 0.009174420876770544 3.6750224773063334e-09 0.009174376584088487
0.26392961876832843 0.009174419038293174 3.6773935311804062e-09 0.00917437681253482
0.2649071358748778 0.00917441720082944 3.6710514541432593e-09 0.009174377029502526
0.26588465298142716 0.009174415368607256 3.6565170908470224e-09 0.00917437723458592
0.2668621700879765 0.00917441354558595 3.63434181577596e-09 0.009174377427531901
0.2678396871945259 0.009174411735443965 3.6050956469212136e-09 0.009174377608230254
0.26881720430107525 0.00917440994157263 3.5693553277968415e-09 0.00917437777670044
0.2697947214076246 0.009174408167075418 3.527693962467049e-09 0.009174377933067048
0.270772238514174 0.00917440641477181 3.4806731852212586e-09 0.009174378077540358
0.27174975562072334 0.009174404687204513 3.4288380411882924e-09 0.009174378210393104
0.2727272727272727 0.009174402986648712 3.3727125731998486e-09 0.00917437833194352
0.27370478983382207 0.00917440131512336 3.312797804090259e-09 0.009174378442542038
0.27468230694037143 0.009174399674403026 3.2495695868320004e-09 0.009174378542564829
0.2756598240469208 0.009174398066030924 3.1834776240916712e-09 0.009174378632414094
0.27663734115347016 0.009174396491332153 3.11494416556108e-09 0.00917437871252167
0.2776148582600195 0.009174394951428185 3.044360992303114e-09 0.009174378783353926
0.2785923753665689 0.009174393447252904 2.9720860881426482e-09 0.009174378845424932
0.27956989247311825 0.009174391979570325 2.8984403315759823e-09 0.009174378899298324
0.2805474095796676 0.00917439054899439 2.8237020808450633e-09 0.00917437894558987
0.281524926686217 0.009174389156011393 2.748103132682307e-09 0.009174378984961255
0.2825024437927664 0.009174387801004276 2.6718244027271708e-09 0.009174379018105807
0.28347996089931576 0.009174386484278662 2.5949939966762783e-09 0.009174379045725886
0.2844574780058651 0.009174385206089156 2.5176887652326226e-09 0.009174379068499355
0.2854349951124145 0.009174383966664049 2.439937137044528e-09 0.009174379087042077
0.28641251221896386 0.00917438276622825 2.3617270406321115e-09 0.009174379101870864
0.2873900293255132 0.009174381605020206 2.28301747436945e-09 0.00917437911336354
0.2883675464320626 0.009174380483303289 2.2037530230300997e-09 0.009174379121734615
0.28934506353861195 0.009174379401368709 2.123880201511429e-09 0.009174379127017726
0.2903225806451613 0.00917437835953043 2.0433642086042144e-09 0.009174379129071453
0.2913000977517107 0.009174377358111805 1.9622058894169445e-09 0.0091743791276016
0.29227761485826004 0.009174376397423845 1.8804537075698888e-09 0.00917437912220264
0.2932551319648094 0.009174375477740061 1.7982115627806529e-09 0.00917437911241375
0.29423264907135877 0.00917437459926736 1.7156407069746776e-09 0.009174379097787226
0.29521016617790813 0.009174373762118642 1.6329555352768803e-09 0.009174379077952668
0.2961876832844575 0.00917437296628833 1.550412366308103e-09 0.009174379052676884
0.29716520039100686 0.009174372211635754 1.468292594659134e-09 0.00917437902190549
0.2981427174975562 0.009174371497876834 1.3868855611469041e-09 0.009174378985785067
0.2991202346041056 0.0091743708245853 1.3064667078754345e-09 0.009174378944662075
0.30009775171065495 0.009174370191204581 1.2272796700890827e-09 0.009174378899054866
0.3010752688172043 0.009174369597067217 1.1495214113270771e-09 0.009174378849612048
0.3020527859237537 0.009174369041421587 1.0733303398087653e-09 0.009174378797056165
0.30303030303030304 0.009174368523462782 9.987816166571323e-10 0.009174378742123231
0.3040078201368524 0.009174368042363604 9.258892841334555e-10 0.00917437868550855
0.30498533724340177 0.009174367597304466 8.546096591358944e-10 0.00917437862781653
0.30596285434995113 0.009174367187500043 7.848520766130275e-10 0.009174378569531658
0.3069403714565005 0.009174366812219743 7.164896124859689e-10 0.009174378511000452
0.30791788856304986 0.009174366470802955 6.493714406257886e-10 0.009174378452434708
0.3088954056695992 0.009174366162668219 5.833336182256739e-10 0.009174378393921712
0.3098729227761486 0.009174365887317456 5.182072007831398e-10 0.009174378335454434
0.31085043988269795 0.009174365644337084 4.538245072707031e-10 0.009174378276960774
0.3118279569892473 0.00917436543339642 3.900211029790254e-10 0.009174378218339718
0.3128054740957967 0.009174365254246732 3.2663293597634535e-10 0.009174378159495178
0.31378299120234604 0.009174365106722124 2.6349236161016254e-10 0.009174378100362455
0.3147605083088954 0.009174364990742943 2.0041945989097976e-10 0.009174378040932542
0.31573802541544477 0.009174364906324894 1.372120450571744e-10 0.009174377981258627
0.31671554252199413 0.009174364853592406 7.36344942268638e-11 0.009174377921458206
0.3176930596285435 0.009174364832798501 9.406330965869292e-12 0.009174377861703487
0.31867057673509286 0.009174364844350177 -5.5808907842291866e-11 0.009174377802202115
0.3196480938416422 0.009174364888838337 -1.2241209228994882e-10 0.009174377743175343
0.3206256109481916 0.009174364967072312 -1.90878029961844e-10 0.009174377684831632
0.32160312805474095 0.009174365080118908 -2.6176235392574507e-10 0.009174377627348166
0.3225806451612903 0.009174365229344304 -3.357077462155453e-10 0.009174377570853728
0.3235581622678397 0.009174365416459187 -4.134516304625177e-10 0.009174377515427039
0.32453567937438904 0.009174365643568841 -4.95836695974753e-10 0.009174377461102683
0.3255131964809384 0.009174365913228566 -5.838226820389925e-10 0.009174377407890465
0.32649071358748777 0.009174366228506689 -6.785050801370526e-10 0.009174377355801094
0.32746823069403713 0.009174366593057759 -7.811383168987787e-10 0.009174377304876578
0.3284457478005865 0.009174367011209477 -8.9316569553766e-10 0.009174377255219404
0.32942326490713586 0.00917436748806566 -1.0162552581687197e-09 0.009174377207016304
0.3304007820136852 0.009174368029629409 -1.1523436422742825e-09 0.009174377160556009
0.3313782991202346 0.009174368642949349 -1.303684758508384e-09 0.009174377116233527
0.33235581622678395 0.009174369336291677 -1.472905125394098e-09 0.00917437707454499
0.3333333333333333 0.009174370119341739 -1.6630655923026948e-09 0.009174377036077305
0.3343108504398827 0.009174371003437858 -1.877729232410523e-09 0.009174377001495438
0.33528836754643204 0.009174372001841517 -2.12103834826673e-09 0.009174376971525199
0.3362658846529814 0.009174373130047278 -2.397799036743791e-09 0.009174376946945024
0.33724340175953077 0.00917437440613908 -2.7135802324238477e-09 0.009174376928584218
0.33822091886608013 0.009174375851199314 -3.0748255490701225e-09 0.009174376917327746
0.3391984359726295 0.009174377489776838 -3.488982336223058e-09 0.009174376914128417
0.34017595307917886 0.009174379350426701 -3.96465377970048e-09 0.009174376920023038
0.3411534701857282 0.009174381466329998 -4.511772552188032e-09 0.009174376936155259
0.3421309872922776 0.009174383876008232 -5.141803862134149e-09 0.009174376963797812
0.34310850439882695 0.009174386624146668 -5.867979893821578e-09 0.009174377004373728
0.34408602150537637 0.009174389762544408 -6.705571423918245e-09 0.00917437705948328
0.34506353861192574 0.009174393351209321 -7.67220036151017e-09 0.009174377130928111
0.3460410557184751 0.009174397459622993 -8.788202990903191e-09 0.009174377220749012
0.34701857282502446 0.009174402168199425 -1.0077048422649833e-08 0.009174377331266644
0.3479960899315738 0.009174407569969945 -1.1565823888892712e-08 0.009174377465140764
0.3489736070381232 0.00917441377252946 -1.3285796976133558e-08 0.009174377625446178
0.34995112414467255 0.009174420900285512 -1.5273067454464e-08 0.009174377815764837
0.3509286412512219 0.009174429097059027 -1.7569325633183443e-08 0.009174378040297868
0.3519061583577713 0.009174438529093937 -2.0222729774500674e-08 0.009174378303993314
0.35288367546432065 0.009174449388539058 -2.328892361109277e-08 0.009174378612689073
0.35386119257087 0.00917446189747829 -2.6832214981365246e-08 0.009174378973267183
0.3548387096774194 0.009174476312595051 -3.09269382974247e-08 0.009174379393818419
0.35581622678396874 0.009174492930570271 -3.565902969649218e-08 0.009174379883816274
0.3567937438905181 0.00917451209432584 -4.112784350454937e-08 0.009174380454307816
0.35777126099706746 0.00917453420024676 -4.7448251574836765e-08 0.00917438111811892
0.3587487781036168 0.00917455970652967 -5.475306250491557e-08 0.009174381890085084
0.3597262952101662 0.009174589142833416 -6.31958150661637e-08 0.00917438278731883
0.36070381231671556 0.009174623121430239 -7.295400093239182e-08 0.009174383829518143
0.3616813294232649 0.009174662350090547 -8.423278698860021e-08 0.009174385039334546
0.3626588465298143 0.009174707646969168 -9.72693127446406e-08 0.00917438644280643
0.36363636363636365 0.009174759957803248 -1.1233765742369719e-07 0.009174388069875389
0.364613880742913 0.00917482037578255 -1.2975457771311014e-07 0.009174389954995397
0.3655913978494624 0.009174890164505768 -1.4988614134022566e-07 0.009174392137853912
0.36656891495601174 0.009174970784507712 -1.7315539750249655e-07 0.009174394664212847
0.3675464320625611 0.009175063923912952 -2.0005124223490675e-07 0.009174397586895958
0.36852394916911047 0.009175171533860082 -2.3113867208982095e-07 0.00917440096693198
0.36950146627565983 0.00917529586944422 -2.6707063697085746e-07 0.00917440487488145
0.3704789833822092 0.00917543953703632 -3.0860174438606097e-07 0.00917440939236731
0.37145650048875856 0.009175605548977957 -3.5660410402783664e-07 0.009174414613836427
0.3724340175953079 0.009175797386799892 -4.1208564080611474e-07 0.009174420648586078
0.3734115347018573 0.009176019074294267 -4.7621126370652085e-07 0.009174427623090477
0.37438905180840665 0.009176275261975815 -5.503273332078343e-07 0.009174435683673198
0.375366568914956 0.009176571324706437 -6.359899366927555e-07 0.009174444999585508
0.3763440860215054 0.00917691347453111 -7.349975674615888e-07 0.009174455766544892
0.37732160312805474 0.009177308891094452 -8.49428888284457e-07 0.009174468210819775
0.3782991202346041 0.009177765872372795 -9.816863734601802e-07 0.009174482593945632
0.37927663734115347 0.00917829400888494 -1.1345467429782225e-06 0.009174499218176287
0.38025415444770283 0.00917890438503476 -1.3112192475943515e-06 0.009174518432791623
0.3812316715542522 0.009179609811810055 -1.5154130270694701e-06 0.009174540641398396
0.38220918866080156 0.009180425095719938 -1.7514149567976868e-06 0.009174566310377417
0.3831867057673509 0.009181367349611757 -2.024179614680977e-06 0.009174595978660773
0.3841642228739003 0.009182456351889759 -2.3394332573586658e-06 0.009174630269042822
0.38514173998044965 0.009183714961671512 -2.703793986193095e-06 0.00917466990125948
0.386119257086999 0.009185169598592786 -3.1249106245617242e-06 0.009174715707111017
0.3870967741935484 0.00918685079732536 -3.611623214733661e-06 0.009174768647939525
0.38807429130009774 0.009188793848439777 -4.174148501673758e-06 0.009174829834827897
0.3890518084066471 0.009191039539053284 -4.824294285923328e-06 0.00917490055194394
0.39002932551319647 0.009193635008793721 -5.5757071362273e-06 0.009174982283510002
0.39100684261974583 0.009196634739023267 -6.4441586460191e-06 0.0091750767449698
0.3919843597262952 0.009200101696056583 -7.447876223498162e-06 0.009175185919004068
0.39296187683284456 0.009204108652326478 -8.60792533188652e-06 0.009175312097144854
0.3939393939393939 0.009208739713172525 -9.948651166779047e-06 0.009175457927874744
0.3949169110459433 0.009214092081221089 -1.1498188997311918e-05 0.009175626472202587
0.39589442815249265 0.009220278095288265 -1.3289053819215294e-05 0.009175821267894717
0.396871945259042 0.00922742758646009 -1.5358821610760422e-05 0.00917604640370833
0.3978494623655914 0.009235690600614929 -1.775091638131485e-05 0.009176306605170766
0.39882697947214074 0.009245240544278575 -2.0515519380824294e-05 0.009176607333718112
0.3998044965786901 0.009256277819500842 -2.371061935287232e-05 0.009176954901256813
0.40078201368523947 0.00926903402359038 -2.7403225605926744e-05 0.009177356602553564
0.40175953079178883 0.009283776801243749 -3.167076900439136e-05 0.009177820868216691
0.4027370478983382 0.00930081545008832 -3.660271980217091e-05 0.009178357441473328
0.40371456500488756 0.009320507396193521 -4.230245563164041e-05 0.009178977582431322
0.4046920821114369 0.00934326567398911 -4.888941799136492e-05 0.009179694304091915
0.4056695992179863 0.009369567565611329 -5.650160134194188e-05 0.009180522645032854
0.40664711632453565 0.009399964578362608 -6.529842551444731e-05 0.009181479984450623
0.40762463343108507 0.009435093966164258 -7.546404965726172e-05 0.009182586406106039
0.40860215053763443 0.009475692032091407 -8.721119452802635e-05 0.009183865118749796
0.4095796676441838 0.009522609484868097 -0.00010078554967909656 0.009185342941744952
0.41055718475073316 0.009576829163179952 -0.0001164708531346055 0.00918705086594353
0.4115347018572825 0.00963948648851424 -0.00013459474362230274 0.009189024701414016
0.4125122189638319 0.009711893060710828 -0.00015553549945175295 0.009191305825371487
0.41348973607038125 0.00979556387130025 -0.0001797297938159646 0.00919394204568768
0.4144672531769306 0.009892248678883813 -0.00020768161374388414 0.009196988597674509
0.41544477028348 0.01000396816915733 -0.00023997250916139366 0.00920050929449025
0.41642228739002934 0.010133055610591161 -0.0002772733595500981 0.009204577854543232
0.4173998044965787 0.010282204816132188 -0.0003203578683683869 0.00920927943273315
0.41837732160312807 0.010454525332339435 -0.0003701180194728563 0.0092147123862955
0.41935483870967744 0.010653605900710508 -0.0004275817547658076 0.009220990310495666
0.4203323558162268 0.010883587371863745 -0.0004939331574302685 0.00922824438445722
0.42130987292277616 0.01114924640152841 -0.0005705354492374952 0.009236626073118969
0.4222873900293255 0.011456091417039104 -0.0006589571317844161 0.009246310237708564
0.4232649071358749 0.011810472512282654 -0.0007610016176956736 0.009257498714249576
0.42424242424242425 0.012219707104396477 -0.000878740705360225 0.00927042442755287
0.4252199413489736 0.012692223361511223 -0.001014552244905092 0.009285356116831945
0.426197458455523 0.013237723579246588 -0.0011711623174102256 0.009302603758563023
0.42717497556207235 0.013867369832522961 -0.0013516921951727252 0.00932252478240787
0.4281524926686217 0.014593994341575288 -0.0015597102567314364 0.009345531186750222
0.4291300097751711 0.015432337043322544 -0.0017992888814034576 0.009372097671524821
0.43010752688172044 0.01639931281941394 -0.002075066125045175 0.009402770917090906
0.4310850439882698 0.01751431065742727 -0.0023923116571761575 0.009438180148474617
0.43206256109481916 0.018799526655221416 -0.0027569959890431646 0.009479049133558393
0.43304007820136853 0.020280332146826886 -0.003175861405405394 0.009526209770706942
0.4340175953079179 0.021985677237611818 -0.003656492185517322 0.009580617424419761
0.43499511241446726 0.023948528569040808 -0.004207380610059383 0.00964336816498189
0.4359726295210166 0.026206338044689713 -0.004837983845059752 0.009715718057168202
0.436950146627566 0.028801536366638215 -0.005558765014926636 0.009799104620617786
0.43792766373411535 0.03178204135552634 -0.0063812095754340655 0.009895170546347882
0.4389051808406647 0.035201765938718446 -0.0073178054443899 0.010005789694978003
0.4398826979472141 0.03912110416360188 -0.00838197225290008 0.010133095316400713
0.44086021505376344 0.04360736542227138 -0.009587921622292453 0.010279510310779592
0.4418377321603128 0.04873511711959276 -0.010950426738658696 0.01044777918893282
0.44281524926686217 0.05458638427060754 -0.012484476037854048 0.010641001178132024
0.44379276637341153 0.061250641195140246 -0.014204783102588757 0.010862663649291657
0.4447702834799609 0.0688245161641183 -0.016125123775254078 0.011116674707591232
0.44574780058651026 0.07741111563798946 -0.018257473217870364 0.011407393388636916
0.4467253176930596 0.08711886241518407 -0.02061092178119566 0.011739655441100935
0.447702834799609 0.09805973423932987 -0.023190360957537473 0.012118792169342398
0.44868035190615835 0.11034678983602902 -0.02599495136508142 0.012550639285645598
0.4496578690127077 0.12409088253643992 -0.029016415317772652 0.013041532230297474
0.4506353861192571 0.13939649279475314 -0.03223723777163756 0.013598284030690102
0.45161290322580644 0.15635666513447888 -0.035628910095465025 0.01422814158400814
0.4525904203323558 0.17504711616820082 -0.03915040697319381 0.0149387163790952
0.45356793743890517 0.1955196890561409 -0.04274713959182592 0.015737886249780658
0.45454545454545453 0.21779546161921107 -0.04635066549269276 0.01663366589381682
0.4555229716520039 0.2418579585604853 -0.04987944091695873 0.017634045680135532
0.45650048875855326 0.2676470527011474 -0.053240858215891154 0.01874680070876428
0.4574780058651026 0.29505423793656643 -0.056334706073976226 0.019979275075152157
0.458455522971652 0.3239199858220383 -0.05905802156966034 0.021338149574684537
0.45943304007820135 0.3540338291368181 -0.06131108476137499 0.022829204268896792
0.4604105571847507 0.3851376322973271 -0.06300407236569269 0.024457089916965706
0.4613880742913001 0.4169322142175637 -0.06406368727165823 0.02622512371741509
0.46236559139784944 0.4490871152428798 -0.0644389704996556 0.028135124653058653
0.4633431085043988 0.48125290279084926 -0.06410552565621713 0.030187301744681237
0.46432062561094817 0.5130750623982497 -0.06306755815893669 0.032380204762802504
0.46529814271749753 0.544208292150079 -0.061357428875497264 0.0347107418301047
0.4662756598240469 0.5743299578530936 -0.059032784613309894 0.037174262562585214
0.46725317693059626 0.6031515869893956 -0.05617167657939025 0.03976469978420039
0.4682306940371456 0.6304275548916276 -0.05286633730597369 0.04247475821060331
0.46920821114369504 0.6559604884837172 -0.04921640813955273 0.04529613542710978
0.4701857282502444 0.6796033083195538 -0.04532238341805066 0.04821975926040402
0.47116324535679377 0.7012581801198596 -0.04127989066696636 0.051236026198292726
0.47214076246334313 0.7208729040241122 -0.03717520843756926 0.05433502750391858
0.4731182795698925 0.7384354118234822 -0.03308218999805038 0.05750675259327776
0.47409579667644186 0.7539670736419375 -0.029060557274630396 0.060741262554333764
0.4750733137829912 0.7675154582874264 -0.025155382322782187 0.06402882990738665
0.4760508308895406 0.7791470768928864 -0.021397491229665368 0.06736004349641138
0.47702834799608995 0.788940498700247 -0.017804501081425943 0.07072587956699257
0.4780058651026393 0.7969800864720151 -0.014382219685785414 0.07411774157143808
0.4789833822091887 0.803350474462271 -0.011126183203220818 0.0775274720901485
0.47996089931573804 0.8081318134817299 -0.008023163826198937 0.08094734057727507
0.4809384164222874 0.8113957382221115 -0.005052537347168543 0.08437001056216269
0.48191593352883677 0.8132019702490111 -0.002187452486871312 0.08778848960224594
0.48289345063538613 0.8135954523014111 0.0006042124178137743 0.09119606481067463
0.4838709677419355 0.8126039115191783 0.003359084310803491 0.0945862262764158
0.48484848484848486 0.8102357671756791 0.006117672066750297 0.09795258023954981
0.4858260019550342 0.8064783296243396 0.00892381075644762 0.10128875354773004
0.4868035190615836 0.8012962797809589 0.011824077466004166 0.1045882907582174
0.48778103616813295 0.7946304717492756 0.014867061705085173 0.10784454531448268
0.4887585532746823 0.786397164727282 0.01810235349402852 0.1110505665650505
0.4897360703812317 0.7764878632584236 0.02157909508246341 0.11419898505032258
0.49071358748778104 0.7647700248192388 0.025343932385772417 0.11728189949831981
0.4916911045943304 0.7510889752361075 0.02943820739752974 0.12029077036267749
0.49266862170087977 0.7352714452620639 0.03389426454029126 0.12321632648956013
0.49364613880742914 0.7171311889587508 0.0387308169866388 0.12604849353541375
0.4946236559139785 0.6964771415836548 0.04394744954487692 0.12877635489846775
0.49560117302052786 0.6731244892764785 0.049518535429732946 0.13138815786406943
0.4965786901270772 0.6469088189497572 0.05538711603872622 0.13387137892654097
0.4975562072336266 0.617703163251034 0.06145961328490737 0.13621286220767753
0.49853372434017595 0.5854372407687506 0.06760255509972053 0.13839904280922238
0.4995112414467253 0.5501175437573185 0.07364269645550647 0.14041626211277344
0.5004887585532747 0.5118462315272234 0.0793718780025843 0.1422511740411812
0.501466275659824 0.47083620212620897 0.08455755156484597 0.14389123025658399
0.5024437927663734 0.4274194451817172 0.08895904974391217 0.14532521918939012
0.5034213098729228 0.38204603379719504 0.09234845618357697 0.14654382066673388
0.5043988269794721 0.3352720220296852 0.09453359663807043 0.14754012755478735
0.5053763440860215 0.28773603744568527 0.09537962523453199 0.148310081290302
0.5063538611925709 0.2401262395748026 0.0948253567502985 0.14885277179390632
0.5073313782991202 0.19314111678306267 0.09289115741946045 0.149170564698187
0.5083088954056696 0.14744882505434082 0.08967678465169589 0.14926903850489542
0.509286412512219 0.10365006808915658 0.08534963300018271 0.14915673755382125
0.5102639296187683 0.062248788905476166 0.08012576863242199 0.14884476879762798
0.5112414467253177 0.023633410626346548 0.07424734669990402 0.14834628693308163
0.512218963831867 -0.011930530253878474 0.06796022616907726 0.14767592067613525
0.5131964809384164 -0.044297282982586936 0.06149491416517354 0.14684919239095
0.5141739980449658 -0.07342951205436812 0.0550527474743529 0.1458819754627726
0.5151515151515151 -0.0993814734346311 0.04879789388729271 0.14479002156251755
0.5161290322580645 -0.12227956058033501 0.04285467908086869 0.1435885763490809
0.5171065493646139 -0.14230261307090558 0.03730908664825837 0.1422920896950819
0.5180840664711632 -0.15966372930523237 0.03221304186693982 0.14091401674235204
0.5190615835777126 -0.17459463980436823 0.02759017056065651 0.13946669955953
0.520039100684262 -0.1873331039102574 0.02344198572516216 0.13796131570783526
0.5210166177908113 -0.1981133488600582 0.01975377591946237 0.13640787901829893
0.5219941348973607 -0.20715928426117555 0.01649976954027937 0.13481527859429615
0.52297165200391 -0.21468007453842783 0.01364738707662324 0.13319134377258235
0.5239491691104594 -0.2208676022573904 0.011160558698548368 0.131542924942548
0.5249266862170088 -0.22589537130740883 0.009002184378549409 0.12987598234579967
0.5259042033235581 -0.22991845163282876 0.0071358631252243804 0.12819567701859252
0.5268817204301075 -0.2330741353399933 0.0055270327891222895 0.12650645978008038
0.5278592375366569 -0.23548304386577826 0.004143655883822505 0.124812155573499
0.5288367546432062 -0.23725048970061308 0.0029565700685475235 0.12311604154913003
0.5298142717497556 -0.23846795034246338 0.0019396011179152782 0.12142091807671662
0.530791788856305 -0.23921455581600665 0.0010695154138633685 0.11972917244044784
0.5317693059628543 -0.2395585248340517 0.00032587035623322794 0.11804283535112604
0.5327468230694037 -0.2395585098387722 -0.0003091945330481498 0.11636363065216532
0.533724340175953 -0.23926482929992832 -0.0008511955201947238 0.11469301873595045
0.5347018572825024 -0.23872057827886506 -0.001313550904941244 0.11303223425462125
0.5356793743890518 -0.23796261672090024 -0.0017078220983950865 0.11138231872755908
0.5366568914956011 -0.23702244031514913 -0.0020439412405406756 0.10974414863390178
0.5376344086021505 -0.2359269419318947 -0.0023304207442306595 0.10811845954475773
0.5386119257086999 -0.2346990732819874 -0.0025745426761364133 0.10650586680523841
0.5395894428152492 -0.23335841703950502 -0.002782527556997513 0.10490688322702972
0.5405669599217986 -0.23192167959172905 -0.002959683222002243 0.10332193420194238
0.541544477028348 -0.2304031140885564 -0.003110535008754449 0.10175137059825237
0.5425219941348973 -0.22881488273722297 -0.003238938870035231 0.10019547975620073
0.5434995112414467 -0.2271673664501764 -0.003348179139838749 0.09865449485743585
0.544477028347996 -0.22546942908472 -0.003441052684380227 0.09712860290590333
0.5454545454545454 -0.2237286426635987 -0.0035199410943091425 0.0956179515245674
0.5464320625610948 -0.22195147916628488 -0.0035868724542976876 0.09412265474330372
0.5474095796676441 -0.2201434737475569 -0.0036435740843197327 0.09264279792797399
0.5483870967741935 -0.21830936357989922 -0.003691517498358542 0.0911784419787846
0.5493646138807429 -0.21645320593012957 -0.003731956680293057 0.089729626907108
0.5503421309872922 -0.21457847856563772 -0.003765960638993284 0.08829637488372613
0.5513196480938416 -0.21268816513673225 -0.0037944410781576305 0.08687869283757266
0.552297165200391 -0.2107848277928483 -0.0038181759024800317 0.0854765746721752
0.5532746823069403 -0.20887066895539785 -0.0038378291805372536 0.0840900031568968
0.5542521994134897 -0.20694758388257203 -0.003853968095884645 0.0827189515414677
0.555229716520039 -0.20501720541548354 -0.0038670773403825893 0.08136338493499343
0.5562072336265884 -0.20308094208519686 -0.0038775713367356804 0.08002326148440486
0.5571847507331378 -0.2011400105815039 -0.0038858046194870134 0.07869853338205282
0.5581622678396871 -0.1991954634323767 -0.0038920806542022623 0.07738914772767053
0.5591397849462365 -0.1972482126140264 -0.0038966593322498216 0.076095047266134
0.5601173020527859 -0.19529904970205053 -0.0038997633425068034 0.07481617101924759
0.5610948191593352 -0.1933486630813736 -0.00390158359061974 0.07355245482703816
0.5620723362658846 -0.19139765265406217 -0.003902283810378925 0.07230383181173039
0.563049853372434 -0.1894465424175047 -0.00390200448963768 0.07107023277562469
0.5640273704789834 -0.18749579122904048 -0.0039008662144730663 0.06985158654241493
0.5650048875855328 -0.18554580202535703 -0.0038989725194014443 0.06864782025009626
0.5659824046920822 -0.1835969297245168 -0.0038964123180346517 0.06745885960238447
0.5669599217986315 -0.1816494880042067 -0.003893261977186567 0.06628462908456795
0.5679374389051809 -0.17970375512076645 -0.0038895870878293297 0.0651250521488437
0.5689149560117303 -0.17775997890894582 -0.003885443978159641 0.06398005137344027
0.5698924731182796 -0.17581838108147485 -0.0038808810071579397 0.06284954859921862
0.570869990224829 -0.1738791609298403 -0.0038759396712022103 0.061733465046897945
0.5718475073313783 -0.1719424985126406 -0.00387065555136882 0.060631721417598726
0.5728250244379277 -0.17000855740515375 -0.0038650591248892423 0.05954423797900625
0.5738025415444771 -0.1680774870729165 -0.0038591764606961806 0.05847093463913856
0.5747800586510264 -0.16614942492292253 -0.003853029816010026 0.05741173100939702
0.5757575757575758 -0.16422449807821698 -0.00384663814837459 0.05636654645836338
0.5767350928641252 -0.16230282491501505 -0.0038400175554120664 0.055335300157578204
0.5777126099706745 -0.1603845163958027 -0.0038331816527412107 0.05431791112036983
0.5786901270772239 -0.1584696772270549 -0.0038261418989581695 0.05331429823466216
0.5796676441837733 -0.156558406866092 -0.003818907875267885 0.05232438029053741
0.5806451612903226 -0.15465080039808887 -0.0038114875262383278 0.05134807600323872
0.581622678396872 -0.15274694930125685 -0.0038038873672050374 0.050385304032203704
0.5826001955034213 -0.15084694211566163 -0.0037961126630460754 0.04943598299662559
0.5835777126099707 -0.14895086502895913 -0.003788167582360816 0.04850003148798826
0.5845552297165201 -0.14705880239045915 -0.0037800553305075346 0.04757736807994876
0.5855327468230694 -0.14517083716333226 -0.003771778264450299 0.046667911335898704
0.5865102639296188 -0.1432870513234036 -0.0037633379919539034 0.04577157981449151
0.5874877810361682 -0.14140752621180525 -0.0037547354572887827 0.044888292073379354
0.5884652981427175 -0.1395323428477531 -0.0037459710153164806 0.04401796667137976
0.5894428152492669 -0.13766158220684865 -0.003737044495550259 0.043160522169257025
0.5904203323558163 -0.13579532546956513 -0.003727955257569889 0.042315877129280546
0.5913978494623656 -0.13393365424393858 -0.003718702238969698 0.04148395011369914
0.592375366568915 -0.13207665076593578 -0.0037092839968612254 0.04066465968225279
0.5933528836754643 -0.13022439808049618 -0.003699698743808915 0.0398579243888222
0.5943304007820137 -0.12837698020583782 -0.0036899443789566453 0.039063662777310285
0.5953079178885631 -0.126534482283265 -0.003680018514994777 0.038281793376819466
0.5962854349951124 -0.12469699071441168 -0.0036699185015384686 0.03751223469619655
0.5972629521016618 -0.1228645932875902 -0.0036596414454025724 0.036754905217993274
0.5982404692082112 -0.12103737929468862 -0.0036491842281997757 0.03600972339188688
0.5992179863147605 -0.11921543963986167 -0.0036385435216219836 0.03527660762759935
0.6001955034213099 -0.11739886694109183 -0.003627715800730294 0.03455547628734937
0.6011730205278593 -0.11558775562554552 -0.003616697355526401 0.03384624767785632
0.6021505376344086 -0.11378220201952262 -0.0036054843010457542 0.03314884004193133
0.603128054740958 -0.11198230443368401 -0.003594072586183457 0.032463171549670225
0.6041055718475073 -0.11018816324414527 -0.003582458001434724 0.031789160289272506
0.6050830889540567 -0.1083998809699369 -0.003570636185711577 0.031126724257510507
0.6060606060606061 -0.10661756234725678 -0.0035586026323796496 0.03047578134986341
0.6070381231671554 -0.10484131440087421 -0.003546352694636471 0.029836249350341102
0.6080156402737048 -0.10307124651298413 -0.0035338815903469298 0.029208045921016782
0.6089931573802542 -0.10130747048975977 -0.0035211844064334972 0.028591088591285306
0.6099706744868035 -0.09955010062580064 -0.0035082561029164015 0.027985294746871857
0.6109481915933529 -0.09779925376663262 -0.0034950915166788157 0.027390581618599186
0.6119257086999023 -0.096055049369377 -0.003481685365039488 0.026806866270939367
0.6129032258064516 -0.09431760956166724 -0.0034680322491977096 0.0262340655903556
0.613880742913001 -0.0925870591988612 -0.0034541266576194043 0.02567209627345025
0.6148582600195504 -0.09086352591956318 -0.003439962969418447 0.025120874814923935
0.6158357771260997 -0.08914714019944449 -0.0034255354577941086 0.024580317495362315
0.6168132942326491 -0.08743803540331951 -0.0034108382935773536 0.024050340368845534
0.6177908113391984 -0.08573634783541187 -0.0033958655489326264 0.023530859250390834
0.6187683284457478 -0.08404221678772025 -0.0033806112012663837 0.02302178970323413
0.6197458455522972 -0.08235578458636941 -0.0033650691373834194 0.022523047025947304
0.6207233626588465 -0.08067719663581166 -0.0033492331579379102 0.02203454623939951
0.6217008797653959 -0.07900660146072018 -0.003333096982218499 0.02155620207356861
0.6226783968719453 -0.07734415074539931 -0.0033166542533059344 0.021087928954206567
0.6236559139784946 -0.07568999937051302 -0.0032998985436449683 0.020629640989369594
0.624633431085044 -0.07404430544691767 -0.0032828233610650423 0.02018125195582495
0.6256109481915934 -0.07240723034636307 -0.003265422155289943 0.019742675285352715
0.6265884652981427 -0.07077893872880972 -0.00324768832497122 0.019313824050953457
0.6275659824046921 -0.06915959856609044 -0.003229615225282102 0.018894610952992302
0.6285434995112414 -0.06754938116162751 -0.003211196176108897 0.018484948305294104
0.6295210166177908 -0.06594846116589652 -0.003192424470877575 0.018084748021223517
0.6304985337243402 -0.06435701658731159 -0.0031732933860482322 0.017693921599767848
0.6314760508308895 -0.06277522879818803 -0.003153796191316732 0.01731238011166239
0.6324535679374389 -0.061203282535420095 -0.0031339261605603415 0.01694003418556923
0.6334310850439883 -0.05964136589549289 -0.0031136765835573 0.016576793994353536
0.6344086021505376 -0.05808967032343364 -0.003093040778519198 0.01622256924147345
0.635386119257087 -0.05654839059528727 -0.003072012105464494 0.015877269147511322
0.6363636363636364 -0.05501772479368824 -0.0030505839804650737 0.015540802436879855
0.6373411534701857 -0.05349787427608501 -0.003028749890793938 0.01521307732472117
0.6383186705767351 -0.051989043635160895 -0.0030065034109958257 0.014894001504035359
0.6392961876832844 -0.050491440650983 -0.002983838219906827 0.01458348213307085
0.6402737047898338 -0.04900527623440153 -0.002960748118636872 0.014281425823004488
0.6412512218963832 -0.04753076436121337 -0.002937227049532487 0.01398773862596117
0.6422287390029325 -0.04606812199659652 -0.002913269116130674 0.013702326023411607
0.6432062561094819 -0.04461756900931936 -0.002888868604107877 0.013425092914997978
0.6441837732160313 -0.043179328075225024 -0.0028640200032308614 0.01315594360784242
0.6451612903225806 -0.04175362456949046 -0.0028387180303040987 0.012894781806390905
0.64613880742913 -0.040340686447164556 -0.002812957653108165 0.012641510602850346
0.6471163245356794 -0.03894074411149076 -0.0027867341153167947 0.012396032468283557
0.6480938416422287 -0.037554030269531115 -0.002760042962374195 0.012158249244407244
0.6490713587487781 -0.0361807797746166 -0.0027328800683043453 0.011928062136163256
0.6500488758553274 -0.034821229455166164 -0.0027052416634236456 0.01170537170510767
0.6510263929618768 -0.03347561792943278 -0.0026771243629091154 0.011490077863678831
0.6520039100684262 -0.03214418540576174 -0.0026485251961757108 0.011282079870392564
0.6529814271749755 -0.030827173467970016 -0.0026194416370007227 0.011081276326025125
0.6539589442815249 -0.029524824845492244 -0.0025898716343213586 0.010887565170833448
0.6549364613880743 -0.028237383167975517 -0.0025598136436275785 0.010700843682875513
0.6559139784946236 -0.026965092704048114 -0.002529266658856645 0.01052100847749391
0.656891495601173 -0.025708198084037404 -0.002498230244684524 0.010347955508027962
0.6578690127077224 -0.02446694400646521 -0.002466704569104557 0.010181580067818104
0.6588465298142717 -0.023241574928208115 -0.0024346904361672514 0.0100217767935875
0.6598240469208211 -0.02203233473827563 -0.0024021893187472273 0.009868439670258907
0.6608015640273704 -0.02083946641522704 -0.0023692033911939395 0.009721462037294073
0.6617790811339198 -0.019663211668324423 -0.0023357355617135717 0.009580736596623833
0.6627565982404692 -0.018503810562595653 -0.0023017895043150084 0.009446155422244286
0.6637341153470185 -0.017361501128069015 -0.0022673696901524924 0.009317609971546884
0.6647116324535679 -0.016236518953525257 -0.0022324814180780276 0.009194991098453953
0.6656891495601173 -0.015129096765210072 -0.0021971308442169895 0.00907818906842417
0.6666666666666666 -0.014039463991044545 -0.0021613250103675 0.008967093575392661
0.667644183773216 -0.012967846310971436 -0.002125071871022636 0.0088615937607072
0.6686217008797654 -0.011914465194179177 -0.0020883803188008693 0.008761578234125196
0.6695992179863147 -0.010879537424052536 -0.0020512602080750356 0.00866693509693127
0.6705767350928641 -0.009863274611804109 -0.002013722376583568 0.008577551967242756
0.6715542521994134 -0.008865882699849678 -0.001975778664807474 0.008493316007564528
0.6725317693059628 -0.00788756145609789 -0.0019374419329003462 0.008414113954669079
0.6735092864125122 -0.006928503960431147 -0.0018987260749599821 0.008339832151871007
0.6744868035190615 -0.00598889608475654 -0.0018596460304447478 0.008270356583780215
0.6754643206256109 -0.005068915968102451 -0.0018202177925421357 0.008205572913608922
0.6764418377321603 -0.004168733488330726 -0.0017804584133097625 0.008145366523119615
0.6774193548387096 -0.0032885097321187365 -0.0017403860054307002 0.008089622555294601
0.678396871945259 -0.002428396464940019 -0.0017000197404407951 0.00803822595979944
0.6793743890518084 -0.0015885356028400334 -0.0016593798433018176 0.007991061541283472
0.6803519061583577 -0.0007690586878598867 -0.0016184875832224185 0.007948014010543254
0.6813294232649071 2.9913630994072432e-05 -0.0015773652606391225 0.007908968038500757
0.6823069403714564 0.0008082721092972913 -0.0015360361902940186 0.007873808312887592
0.6832844574780058 0.0015659194093046963 -0.0014945246803483678 0.007842419597408381
0.6842619745845552 0.0023027705906017376 -0.0014528560074729118 0.00781468679302684
0.6852394916911045 0.0030187535872811177 -0.0014110563878463088 0.007790495000847892
0.6862170087976539 0.003713809669575666 -0.0013691529439627315 0.007769729585868518
0.6871945259042033 0.004387893887818616 -0.0013271736671038056 0.00775227624065799
0.6881720430107527 0.005040975496513108 -0.001285147375260601 0.007738021047795742
0.6891495601173021 0.005673038356164475 -0.0012431036662053122 0.00772685053969878
0.6901270772238515 0.006284081310354045 -0.001201072865310569 0.007718651754351615
0.6911045943304008 0.00687411853530534 -0.001159085967603145 0.0077133122854459515
0.6920821114369502 0.007443179858909405 -0.0011171745734386736 0.007710720325734756
0.6930596285434996 0.007991311045855048 -0.0010753708171372628 0.00771076470301811
0.6940371456500489 0.00851857404518419 -0.0010337072879532888 0.007713334909398057
0.6950146627565983 0.009025047196316971 -0.0009922169429353632 0.007718321126289469
0.6959921798631477 0.009510825389461224 -0.0009509330116506294 0.007725614250346146
0.696969696969697 0.009976020176473345 -0.0009098888934566177 0.007735105928761199
0.6979472140762464 0.01042075982882874 -0.0008691180490655384 0.00774668861599231
0.6989247311827957 0.010845189340570476 -0.0008286538895499885 0.007760255666891941
0.6999022482893451 0.011249470376079668 -0.000788529667553712 0.007775701482118924
0.7008797653958945 0.011633781165287299 -0.0007487783770031714 0.007792921718668756
0.7018572825024438 0.011998316352373925 -0.0007094326685873469 0.007811813569517142
0.7028347996089932 0.012343286807641386 -0.0006705247880220252 0.007832276100623006
0.7038123167155426 0.01266891941530577 -0.0006320865419908964 0.00785421061170027
0.7047898338220919 0.012975456851392361 -0.0005941492921800052 0.007877520962969647
0.7057673509286413 0.013263157364519152 -0.0005567439710915717 0.007902113790697721
0.7067448680351907 0.013532294567205913 -0.0005199011052554542 0.007927898529210152
0.70772238514174 0.013783157236202673 -0.0004836508239443722 0.00795478717556655
0.7086999022482894 0.014016049108112697 -0.00044802282718648626 0.00798269377994149
0.7096774193548387 0.014231288643588072 -0.00041304628846728384 0.008011533715971242
0.7106549364613881 0.014429208723056414 -0.0003787496767887207 0.008041222865512608
0.7116324535679375 0.01461015623317773 -0.0003451604994585864 0.008071676916586053
0.7126099706744868 0.0147744915091226 -0.0003123049881589043 0.008102810993945251
0.7135874877810362 0.014922587614270262 -0.00028020777107365966 0.008134539798955384
0.7145650048875856 0.015054829463940694 -0.0002488915865847632 0.00816677832773887
0.7155425219941349 0.015171612828078058 -0.0002183770937442017 0.00819944308639618
0.7165200391006843 0.0152733432721303 -0.00018868281912821255 0.008232453572266037
0.7174975562072337 0.01536043510849265 -0.00015982525130896316 0.008265733690741987
0.718475073313783 0.01543331042802987 -0.00013181906010481645 0.00829921276677474
0.7194525904203324 0.015492398261869742 -0.00010467738765081516 0.008332825899949423
0.7204301075268817 0.015538133892207942 -7.841214120236949e-05 0.008366513578599622
0.7214076246334311 0.015570958295315003 -5.303421874741865e-05 0.008400220661038776
0.7223851417399805 0.015591317669567391 -2.8553617520553256e-05 0.008433894990411785
0.7233626588465298 0.015599662983793651 -4.979406459415558e-06 0.008467485986466886
0.7243401759530792 0.015596449480240523 1.7680422761082116e-05 0.00850094353438456
0.7253176930596286 0.015582136080943446 3.941918463738081e-05 0.00853421738334112
0.7262952101661779 0.015557184671054531 6.0231753585006517e-05 0.008567257116638657
0.7272727272727273 0.015522059260486758 8.011478882232457e-05 0.008600012610280832
0.7282502443792767 0.015477225049052 9.906689045029529e-05 0.008632434797678326
0.729227761485826 0.015423147435285814 0.00011708866716795326 0.008664476523649683
0.7302052785923754 0.015360291013660973 0.00013418271670660996 0.008696093296905813
0.7311827956989247 0.015289118600114981 0.00015035353590762257 0.008727243816002558
0.7321603128054741 0.015210090314914852 0.00016560738581190327 0.008757890222223591
0.7331378299120235 0.015123662738664613 0.00017995213815408283 0.008787998100716968
0.7341153470185728 0.015030288145017195 0.00019339712511967823 0.008817536294694402
0.7350928641251222 0.014930413804524083 0.00020595300676091034 0.008846476613608097
0.7360703812316716 0.014824481348847476 0.00021763166262063726 0.008874793510080844
0.7370478983382209 0.01471292618298801 0.00022844610763018893 0.008902463780972262
0.7380254154447703 0.01459617693431188 0.00023841042808280183 0.00892946632440791
0.7390029325513197 0.014474654929851529 0.00024753973146666444 0.00895578196351816
0.739980449657869 0.01434877369657247 0.0002558501037550686 0.008981393332495115
0.7409579667644184 0.014218938482296564 0.0002633585686984749 0.009006284812102049
0.7419354838709677 0.014085545797335222 0.000270083045167095 0.00903044249886057
0.7429130009775171 0.013948982978468123 0.0002760423001503358 0.00905385419306327
0.7438905180840665 0.013809627777745961 0.00028125589638516597 0.009076509393653035
0.7448680351906158 0.013667847978843928 0.0002857441345845237 0.009098399291555297
0.7458455522971652 0.01352400104352482 0.00028952799092045825 0.009119516756347625
0.7468230694037146 0.013378433790341841 0.0002926290507638711 0.009139856313802718
0.7478005865102639 0.013231482107167417 0.0002950694398381345 0.009159414113732157
0.7487781036168133 0.013083470698555224 0.000296871753911869 0.009178187888754422
0.7497556207233627 0.012934712868402646 0.00029805898806582217 0.00919617690525944
0.750733137829912 0.012785510337900409 0.0002986544664108654 0.009213381908125548
0.7517106549364614 0.012636153098356528 0.0002986817729769718 0.00922980506073369
0.7526881720430108 0.012486919298164124 0.00029816468433338517 0.009245449881715766
0.7536656891495601 0.012338075162932956 0.00029712710437264714 0.00926032117965434
0.7546432062561095 0.012189874947622997 0.0002955930015619123 0.0092744249867428
0.7556207233626588 0.012042560919387133 0.0002935863488856133 0.009287768492188549
0.7565982404692082 0.011896363369739635 0.00029113106661695504 0.00930035997595154
0.7575757575757576 0.011751500654611415 0.00028825096801038397 0.009312208743255158
0.7585532746823069 0.01160817926081974 0.00028496970795788626 0.009323325060168544
0.7595307917888563 0.011466593897463974 0.00028131073462703965 0.00933372009045987
0.7605083088954057 0.011326927610758548 0.00027729724407133966 0.009343405833853999
0.761485826001955 0.01118935192082185 0.00027295213779344064 0.009352395065758353
0.7624633431085044 0.011054026978951713 0.000268297983227566 0.009360701278502392
0.7634408602150538 0.010921101743938805 0.000263356977099595 0.00936833862409529
0.7644183773216031 0.010790714175989573 0.0002581509116180306 0.009375321858510222
0.7653958944281525 0.010662991446857673 0.0002527011434426355 0.009381666287481698
0.7663734115347018 0.010538050164807527 0.00024702856537649025 0.009387387713813642
0.7673509286412512 0.010415996613064062 0.00024115358071774345 0.009392502386189253
0.7683284457478006 0.010296927000435259 0.00023509608020714232 0.009397026949478722
0.7693059628543499 0.010180927722825379 0.0002288754215048006 0.009400978396546812
0.7702834799608993 0.010068075634393686 0.00022251041111918338 0.009404374021558668
0.7712609970674487 0.009958438327150695 0.00021601928871622434 0.009407231374798266
0.772238514173998 0.009852074417821793 0.0002094197137248858 0.009409568219002044
0.7732160312805474 0.009749033840851552 0.00020272875415531513 0.009411402487217597
0.7741935483870968 0.009649358146463779 0.00019596287754422331 0.009412752242204534
0.7751710654936461 0.009553080802735793 0.00018913794393585865 0.009413635637382492
0.7761485826001955 0.009460227500693093 0.00018226920080298002 0.009414070879339636
0.7771260997067448 0.009370816461477752 0.00017537127981777573 0.00941407619190835
0.7781036168132942 0.009284858744689681 0.00016845819536973685 0.009413669781817452
0.7790811339198436 0.009202358557052467 0.00016154334473611774 0.00941286980593026
0.7800586510263929 0.009123313560601497 0.00015463950980232618 0.009411694340062744
0.7810361681329423 0.009047715179645817 0.00014775886023317886 0.009410161349391755
0.7820136852394917 0.008975548905801569 0.00014091295799569735 0.009408288660440516
0.782991202346041 0.00890679460044836 0.00013411276313104456 0.009406093934647917
0.7839687194525904 0.00884142679400635 0.00012736864068002294 0.009403594643494639
0.7849462365591398 0.008779414981484181 0.00012069036866103197 0.009400808045177247
0.7859237536656891 0.008720723913793332 0.00011408714700821113 0.00939775116280152
0.7869012707722385 0.008665313884373478 0.00010756760737769231 0.009394440764064834
0.7878787878787878 0.0086131410107152 0.00010113982373364684 0.00939089334237771
0.7888563049853372 0.008564157510413513 9.481132362868387e-05 0.009387125099388025
0.7898338220918866 0.008518311971422002 8.85891001066916e-05 0.009383151928832857
0.7908113391984359 0.008475549616217229 8.247962414946065e-05 0.009378989401673496
0.7917888563049853 0.008435812559615254 7.648885760859101e-05 0.009374652752436693
0.7927663734115347 0.008399040060015291 7.062226655805309e-05 0.009370156866711672
0.793743890518084 0.008365168763871868 6.488483501816531e-05 0.00936551626974244
0.7947214076246334 0.00833413294322274 5.928107900063763e-05 0.009360745116087567
0.7956989247311828 0.008305864726124022 5.381506082747942e-05 0.009355857180313579
0.7966764418377321 0.008280294319866415 4.849040368038241e-05 0.0093508658487273
0.7976539589442815 0.008257350226867754 4.331030633733529e-05 0.00934578411215285
0.7986314760508308 0.008236959453162388 3.827755804189424e-05 0.009340624559782159
0.7996089931573802 0.008219047709430969 3.3394553463011436e-05 0.009335399374118383
0.8005865102639296 0.008203539604540164 2.8663307685773242e-05 0.00933012032704195
0.8015640273704789 0.008190358831590389 2.408547118027749e-05 0.009324798776993732
0.8025415444770283 0.00817942834649642 1.966234469078968e-05 0.009319445667265325
0.8035190615835777 0.008170670539154122 1.5394893995505834e-05 0.009314071525329221
0.804496578690127 0.008164007397270145 1.128376448506673e-05 0.009308686463141376
0.8054740957966764 0.008159360662955854 7.329295524511855e-06 0.009303300178282911
0.8064516129032258 0.008156651982200145 3.531534569657343e-06 0.00929792195582756
0.8074291300097751 0.008155803047349055 -1.0974897677072182e-07 0.00929256067078005
0.8084066471163245 0.00815673573272424 -3.595050177271201e-06 0.009287224790972489
0.8093841642228738 0.008159372223512092 -6.925115226629581e-06 0.00928192238029335
0.8103616813294232 0.008163635138048565 -1.0100928367648573e-05 0.009276661102197393
0.8113391984359726 0.008169447643619671 -1.3123699032231923e-05 0.009271448223444684
0.8123167155425219 0.008176733565885594 -1.5994849194486183e-05 0.009266290618089507
0.8132942326490713 0.00818541749203159 -1.871600092165056e-05 0.009261194771750615
0.8142717497556208 0.008195424867741882 -2.1288964114847368e-05 0.009256166786230206
0.8152492668621701 0.008206682088091798 -2.3715724442952566e-05 0.009251212384547344
0.8162267839687195 0.008219116582457331 -2.5998431480367607e-05 0.009246336916453983
0.8172043010752689 0.008232656893547397 -2.813938706333781e-05 0.009241545364490615
0.8181818181818182 0.008247232750674183 -3.014103389055293e-05 0.009236842350603767
0.8191593352883676 0.008262775137390224 -3.200594439357971e-05 0.009232232143333019
0.820136852394917 0.008279216353633979 -3.373680990559379e-05 0.009227718665555393
0.8211143695014663 0.008296490072539523 -3.533643015294057e-05 0.009223305502744939
0.8220918866080157 0.00831453139207871 -3.6807703097622524e-05 0.009218995911711622
0.823069403714565 0.008333276881716083 -3.815361514937336e-05 0.009214792829766552
0.8240469208211144 0.008352664624267248 -3.937723176994465e-05 0.009210698884276058
0.8250244379276638 0.008372634253160205 -4.0481688483914554e-05 0.009206716402564782
0.8260019550342131 0.008393126985307905 -4.147018231579012e-05 0.009202847422145704
0.8269794721407625 0.008414085649808944 -4.2345963667235584e-05 0.009199093701259473
0.8279569892473119 0.008435454712700671 -4.3112328654237495e-05 0.009195456729723992
0.8289345063538612 0.008457180298000275 -4.3772611923406505e-05 0.009191937740092334
0.8299120234604106 0.00847921020527799 -4.4330179970250214e-05 0.009188537719134415
0.83088954056696 0.008501493924020848 -4.4788424986811075e-05 0.00918525741965697
0.8318670576735093 0.008523982645058742 -4.515075926796408e-05 0.009182097372675363
0.8328445747800587 0.008546629269339905 -4.5420610210851855e-05 0.009179057899944967
0.833822091886608 0.008569388414363069 -4.560141594600332e-05 0.009176139126844875
0.8347996089931574 0.008592216418589208 -4.569662163211722e-05 0.009173340995546597
0.8357771260997068 0.008615071344174465 -4.570967644836158e-05 0.00917066327835385
0.8367546432062561 0.008637912978375864 -4.564403129591975e-05 0.009168105590965283
0.8377321603128055 0.008660702833984638 -4.550313719910425e-05 0.009165667405281002
0.8387096774193549 0.00868340414912257 -4.5290444343788294e-05 0.009163348061147943
0.8396871945259042 0.008705981886693002 -4.500940162775605e-05 0.009161146776222467
0.8406647116324536 0.008728402733690976 -4.466345650241352e-05 0.009159062652842078
0.841642228739003 0.008750635100438914 -4.425605476232234e-05 0.009157094680542644
0.8426197458455523 0.00877264911960371 -4.379063978681276e-05 0.009155241732592473
0.8435972629521017 0.008794416644564432 -4.327065057534862e-05 0.009153502554752183
0.844574780058651 0.008815911246321181 -4.26995177150652e-05 0.009151875744371978
0.8455522971652004 0.008837108207656562 -4.2080656238893254e-05 0.009150359718029346
0.8465298142717498 0.008857984512698994 -4.141745415140672e-05 0.009148952666204928
0.8475073313782991 0.008878518829381607 -4.071325525666043e-05 0.009147652494100315
0.8484848484848485 0.008898691481596954 -3.997133487312725e-05 0.009146456748755367
0.8494623655913979 0.00891848440714341 -3.9194867076945065e-05 0.009145362534278063
0.8504398826979472 0.008937881096941176 -3.83868823924742e-05 0.009144366419522846
0.8514173998044966 0.008956866510581625 -3.755021541862756e-05 0.009143464346327538
0.852394916911046 0.008975426963253331 -3.66874429151453e-05 0.009142651551830472
0.8533724340175953 0.008993549979738487 -3.580081454411402e-05 0.009141922526053295
0.8543499511241447 0.009011224112870945 -3.489218104765703e-05 0.009141271036198932
0.855327468230694 0.009028438727124801 -3.396292839795141e-05 0.009140690262056952
0.8563049853372434 0.009045183753498694 -3.301393162404454e-05 0.009140173101183053
0.8572825024437928 0.009061449430303474 -3.2045548581200725e-05 0.00913971271420207
0.8582600195503421 0.009077226056419281 -3.105768125544965e-05 0.00913930338092269
0.8592375366568915 0.009092503799060129 -3.0049938487552953e-05 0.009138941711587582
0.8602150537634409 0.009107272615714146 -2.9021935523163716e-05 0.009138628182614676
0.8611925708699902 0.00912152236592693 -2.797375658211953e-05 0.009138368820413023
0.8621700879765396 0.009135243195707625 -2.6906578966808784e-05 0.009138176633304483
0.863147605083089 0.00914842626453457 -2.582340450118148e-05 0.009138072124731278
0.8641251221896383 0.009161064839275476 -2.4729766298070435e-05 0.009138082013675806
0.8651026392961877 0.009173155691034775 -2.3634189978590067e-05 0.009138235317393568
0.8660801564027371 0.009184700602033656 -2.2548122219684136e-05 0.009138556420229836
0.8670576735092864 0.009195707643616035 -2.1485046552700512e-05 0.00913905577159261
0.8680351906158358 0.009206191773256522 -2.0458637440640148e-05 0.009139720284368753
0.8690127077223851 0.009216174286958917 -1.9480078095156206e-05 0.00914050683931855
0.8699902248289345 0.009225680816979413 -1.855503866833195e-05 0.00914134275215796
0.8709677419354839 0.009234737903276882 -1.768115300800554e-05 0.00914213589019305
0.8719452590420332 0.009243368632296932 -1.6846967462025688e-05 0.009142794158407219
0.8729227761485826 0.00925158828510502 -1.603311558675836e-05 0.009143250095169338
0.873900293255132 0.009259401178135116 -1.5215874357973024e-05 0.009143483000857443
0.8748778103616813 0.009266799756910594 -1.4372441188616582e-05 0.00914353024178236
0.8758553274682307 0.009273766480950255 -1.3486549525412316e-05 0.009143482134947385
0.8768328445747801 0.009280278250351194 -1.2552748166792121e-05 0.00914346046150876
0.8778103616813294 0.009286312341008981 -1.1577989001556514e-05 0.009143586897754416
0.8787878787878788 0.00929185233338268 -1.0580016884071666e-05 0.009143951649762365
0.8797653958944281 0.009296892529269225 -9.583103753285117e-06 0.009144592434959816
0.8807429130009775 0.009301439845523101 -8.6124929950388e-06 0.009145489768630758
0.8817204301075269 0.00930551295409874 -7.689206441453085e-06 0.009146578307424524
0.8826979472140762 0.009309139208511535 -6.826554447810613e-06 0.009147768583997212
0.8836754643206256 0.009312350398514318 -6.028974067419542e-06 0.009148970960265955
0.884652981427175 0.009315178485883716 -5.293030271567986e-06 0.00915011453493992
0.8856304985337243 0.00931765223585394 -4.609846371361975e-06 0.009151156997570565
0.8866080156402737 0.009319795225212788 -3.9680266316763834e-06 0.009152085218471618
0.8875855327468231 0.009321625261207412 -3.356266709847065e-06 0.009152909148767974
0.8885630498533724 0.00932315492007322 -2.7651725498452394e-06 0.009153652686870649
0.8895405669599218 0.00932439276411093 -2.188160060140299e-06 0.009154344740694256
0.8905180840664711 0.00932534480293368 -1.6215691125613207e-06 0.009155012471652856
0.8914956011730205 0.009326015868729649 -1.0642529905345566e-06 0.009155677372751558
0.8924731182795699 0.009326410712735468 -5.16915627389277e-07 0.009156353870073542
0.8934506353861192 0.00932653475343276 1.8589903291862594e-08 0.009157049678334613
0.8944281524926686 0.00932639449332685 5.39870399365839e-07 0.009157767091565554
0.895405669599218 0.009325997667570824 1.0444516115697133e-06 0.00915850456770913
0.8963831867057673 0.009325353202523097 1.530081432454171e-06 0.00915925820920763
0.8973607038123167 0.009324471057377009 1.994899432538439e-06 0.009160022952715088
0.8983382209188661 0.009323362007668366 2.4375054734928866e-06 0.009160793423870762
0.8993157380254154 0.009322037412856109 2.8569598520717136e-06 0.009161564490287103
0.9002932551319648 0.00932050899516454 3.2527420619225995e-06 0.009162331576278434
0.9012707722385142 0.00931878864502487 3.624688458218146e-06 0.009163090805990294
0.9022482893450635 0.009316888259933216 3.972922785473368e-06 0.009163839032313667
0.9032258064516129 0.009314819617897976 4.297788411320255e-06 0.009164573795931226
0.9042033235581622 0.009312594283226887 4.5997873277601586e-06 0.00916529324644086
0.9051808406647116 0.009310223540574996 4.879528340189475e-06 0.009165996047270796
0.906158357771261 0.009307718352430555 5.1376851374151196e-06 0.00916668127837808
0.9071358748778103 0.0093050893351578 5.374963870257067e-06 0.009167348345096351
0.9081133919843597 0.009302346749068088 5.5920792656173005e-06 0.009167996897643351
0.9090909090909091 0.009299500498557496 5.789738028388208e-06 0.009168626763189447
0.9100684261974584 0.009296560138998955 5.968628200589388e-06 0.009169237890730035
0.9110459433040078 0.009293534887733447 6.1294132021468505e-06 0.009169830307995883
0.9120234604105572 0.009290433637112823 6.272729402647829e-06 0.009170404089086927
0.9130009775171065 0.00928726496808726 6.399186222345464e-06 0.009170959331268557
0.9139784946236559 0.009284037163283092 6.509367941285351e-06 0.009171496139334281
0.9149560117302052 0.009280758218893861 6.603836541540186e-06 0.009172014615989493
0.9159335288367546 0.009277435855000531 6.683135074027731e-06 0.00917251485689322
0.916911045943304 0.00927407752416102 6.747791157991125e-06 0.00917299694913362
0.9178885630498533 0.009270690418276559 6.798320338332708e-06 0.009173460972144878
0.9188660801564027 0.00926728147385379 6.835229119183219e-06 0.00917390700021138
0.9198435972629521 0.009263857375856941 6.8590175597027525e-06 0.009174335105914519
0.9208211143695014 0.009260424560382795 6.870181378829186e-06 0.009174745363997504
0.9217986314760508 0.009256989216409384 6.869213558178796e-06 0.009175137855279457
0.9227761485826002 0.009253557286865945 6.856605459854741e-06 0.009175512670329148
0.9237536656891495 0.009250134469255789 6.8328475032644175e-06 0.009175869912728583
0.9247311827956989 0.009246726216041942 6.798429448523426e-06 0.009176209701807653
0.9257086999022482 0.009243337734975415 6.753840351755706e-06 0.009176532174799516
0.9266862170087976 0.009239973989515898 6.6995682501694515e-06 0.009176837488403337
0.927663734115347 0.009236639699464352 6.636099640532122e-06 0.00917712581977902
0.9286412512218963 0.009233339341896542 6.563918804323651e-06 0.009177397367015486
0.9296187683284457 0.009230077152461515 6.483507031806242e-06 0.009177652349144035
0.9305962854349951 0.009226857127084043 6.395341787585182e-06 0.009177891005751565
0.9315738025415444 0.009223683024091234 6.299895854865525e-06 0.009178113596282787
0.9325513196480938 0.00922055836676682 6.197636484088411e-06 0.009178320399089057
0.9335288367546432 0.00921748644632452 6.0890245712117395e-06 0.009178511710301757
0.9345063538611925 0.009214470325281738 5.974513879451965e-06 0.009178687842579887
0.9354838709677419 0.009211512841209999 5.854550313882153e-06 0.009178849123790337
0.9364613880742912 0.009208616610832068 5.729571258628833e-06 0.009178995895646656
0.9374389051808406 0.00920578403443609 5.6000049727744985e-06 0.009179128512353876
0.9384164222873901 0.00920301730057519 5.466270053185087e-06 0.009179247339262304
0.9393939393939394 0.009200318391020229 5.328774957429148e-06 0.009179352751558088
0.9403714565004888 0.009197689085936154 5.18791758734663e-06 0.009179445132988108
0.9413489736070382 0.009195130969251775 5.044084929694409e-06 0.009179524874633752
0.9423264907135875 0.009192645434196206 4.897652750857073e-06 0.009179592373731704
0.9433040078201369 0.009190233688973995 4.7489853442000615e-06 0.00917964803254363
0.9442815249266863 0.009187896762554961 4.59843532510211e-06 0.00917969225727543
0.9452590420332356 0.00918563551055513 4.446343470018016e-06 0.009179725457055612
0.946236559139785 0.009183450621187264 4.29303859966583e-06 0.009179748042959547
0.9472140762463344 0.009181342621260025 4.13883749923738e-06 0.009179760427095607
0.9481915933528837 0.009179311882208219 3.98404487436492e-06 0.009179763021742508
0.9491691104594331 0.009177358626136986 3.828953338941635e-06 0.00917975623854571
0.9501466275659824 0.009175482931864307 3.673843432094176e-06 0.009179740487768175
0.9511241446725318 0.009173684740949373 3.5189836592904034e-06 0.00917971617759596
0.9521016617790812 0.009171963863693788 3.3646305575389668e-06 0.00917968371349595
0.9530791788856305 0.009170319985106062 3.2110287776498936e-06 0.009179643497627583
0.9540566959921799 0.009168752670820124 3.058411184829468e-06 0.009179595928295564
0.9550342130987293 0.009167261372960228 2.906998972981162e-06 0.009179541399453862
0.9560117302052786 0.009165845435945355 2.7570017915035105e-06 0.009179480300244527
0.956989247311828 0.009164504102227605 2.6086178813305994e-06 0.0091794130145729
0.9579667644183774 0.009163236517960416 2.4620342227166248e-06 0.009179339920711713
0.9589442815249267 0.009162041738589588 2.317426691107738e-06 0.009179261390929188
0.9599217986314761 0.00916091873436603 2.1749602199909457e-06 0.00917917779112802
0.9608993157380255 0.009159866395772848 2.034788976694457e-06 0.009179089480502148
0.9618768328445748 0.009158883538862794 1.8970565468234835e-06 0.009178996811187778
0.9628543499511242 0.009157968910500358 1.761896131970142e-06 0.00917890012792532
0.9638318670576735 0.009157121193501483 1.6294307615336012e-06 0.009178799767712142
0.9648093841642229 0.009156339011663461 1.4997735199792639e-06 0.009178696059465708
0.9657869012707723 0.0091556209346767 1.373027792305609e-06 0.009178589323695075
0.9667644183773216 0.009154965482910393 1.2492875240723011e-06 0.009178479872201818
0.967741935483871 0.009154371132062633 1.1286374998024928e-06 0.009178368007815846
0.9687194525904204 0.009153836317670805 1.0111536283378963e-06 0.009178254024198008
0.9696969696969697 0.009153359439474262 8.969032412944888e-07 0.009178138205707606
0.9706744868035191 0.009152938865629678 7.859453867893607e-07 0.009178020827357889
0.9716520039100685 0.00915257293677979 6.783311210373233e-07 0.00917790215484781
0.9726295210166178 0.009152259969978871 5.741037854625763e-07 0.009177782444666202
0.9736070381231672 0.009151998262484418 4.7329926882583306e-07 0.00917766194424454
0.9745845552297165 0.009151786095421444 3.759462512079731e-07 0.009177540892131006
0.9755620723362659 0.009151621737329918 2.820664275256929e-07 0.009177419518152187
0.9765395894428153 0.00915150344760507 1.9167471743304632e-07 0.009177298043537386
0.9775171065493646 0.009151429479833606 1.0477946829449969e-07 0.009177176680980604
0.978494623655914 0.009151398085030182 2.1382653857607292e-08 0.009177055634642724
0.9794721407624634 0.00915140751477278 -5.851991735465745e-08 0.009176935100085118
0.9804496578690127 0.009151456024231619 -1.3493838435345296e-07 0.009176815264164695
0.9814271749755621 0.00915154187508499 -2.0788860017467714e-07 0.009176696304905321
0.9824046920821115 0.009151663338313187 -2.7739187723999255e-07 0.009176578391379621
0.9833822091886608 0.009151818696862435 -3.43474719259921e-07 0.00917646168362047
0.9843597262952102 0.009152006248170086 -4.061685406368462e-07 0.009176346332585884
0.9853372434017595 0.009152224306547718 -4.655093741282208e-07 0.009176232480182268
0.9863147605083089 0.009152471205416901 -5.215375784954623e-07 0.009176120259355124
0.9872922776148583 0.009152745299399578 -5.74297548171579e-07 0.00917600979422925
0.9882697947214076 0.009153044966264456 -6.238374302327404e-07 0.00917590120030292
0.989247311827957 0.00915336860873478 -6.702088494806024e-07 0.009175794584672853
0.9902248289345064 0.00915371465616066 -7.134666477823237e-07 0.009175690046277253
0.9912023460410557 0.00915408156606573 -7.536686362254186e-07 0.009175587676147026
0.9921798631476051 0.009154467825572055 -7.908753590149531e-07 0.00917548755765965
0.9931573802541545 0.00915487195270992 -8.251498693490067e-07 0.009175389766780423
0.9941348973607038 0.009155292497619316 -8.565575173764828e-07 0.009175294372298859
0.9951124144672532 0.009155728043646949 -8.851657465301643e-07 0.009175201436048913
0.9960899315738025 0.009156177208343219 -9.110438968472356e-07 0.009175111013121504
0.9970674486803519 0.009156638644363613 -9.342630166823962e-07 0.009175023152063137
0.9980449657869013 0.009157111040276056 -9.548956776232742e-07 0.009174937895076063
0.9990224828934506 0.00915759312127784 -9.730157970039288e-07 0.00917485527820365
1.0 0.00915808364982501 -9.886984618720507e-07 0.009174775331523582
