  -1.273837808700000E-02   3.525158945000000E-02   3.623754008100000E+00   2.032331726000000E+00   1.137424153000000E+00   1.750000000000000E+00
  -1.269592189600000E-02   3.523885849300000E-02   3.623759530600000E+00   2.032287404000000E+00   1.137425287100000E+00   1.750081418200000E+00
  -1.261103070300000E-02   3.521351363200000E-02   3.623770573400000E+00   2.032198524500000E+00   1.137427250600000E+00   1.750244262400000E+00
  -1.242385288000000E-02   3.361215686200000E-02   3.623828421500000E+00   2.031540726200000E+00   1.137430549200000E+00   1.750603550000000E+00
  -9.844390516900000E-03   3.287509640800000E-02   3.624165973200000E+00   2.028475027700000E+00   1.137572941600000E+00   1.755587289800000E+00
  -9.676548455400001E-03   3.283244189600000E-02   3.624187932800000E+00   2.028266103200000E+00   1.137588428300000E+00   1.755913705700000E+00
  -9.424650551600000E-03   3.273307391400000E-02   3.624218643900000E+00   2.028085905100000E+00   1.137607339200000E+00   1.756404087000000E+00
  -8.810454357199999E-03   3.258624651000000E-02   3.624299078600000E+00   2.027314562600000E+00   1.137643681600000E+00   1.757602282800000E+00
  -8.434563961500000E-03   3.250099137300000E-02   3.624348301200000E+00   2.026834781700000E+00   1.137654812500000E+00   1.758337350500000E+00
  -7.871821591599999E-03   3.237846245500000E-02   3.624412100900000E+00   2.028021564000000E+00   1.137673747300000E+00   1.759440341500000E+00
  -7.030110523000000E-03   3.221276355400000E-02   3.624522709600000E+00   2.027185662300000E+00   1.137743090400000E+00   1.761095834700000E+00
  -5.773199924500000E-03   3.200043950000000E-02   3.624687851000000E+00   2.025882445400000E+00   1.137766712900000E+00   1.763580880600000E+00
  -3.900424074200000E-03   3.176552630500000E-02   3.624924712100000E+00   2.024215523200000E+00   1.137907480800000E+00   1.767312910800000E+00
  -1.119824171500000E-03   3.160685311200000E-02   3.625287063700000E+00   2.021205747600000E+00   1.138050796400000E+00   1.772920976500000E+00
   2.886193920300000E-03   3.180327269700000E-02   3.625808918000000E+00   2.017165805100000E+00   1.138264382400000E+00   1.781148250400000E+00
   6.816718135900000E-03   3.250642557200000E-02   3.626332587100000E+00   2.013189927500000E+00   1.138471228800000E+00   1.789400954000000E+00
   1.067038678700000E-02   3.369271483400000E-02   3.626838919500000E+00   2.009536809000000E+00   1.138676165800000E+00   1.797678789100000E+00
   1.444586488400000E-02   3.532127723100000E-02   3.627334849700000E+00   2.005248363300000E+00   1.138873805100000E+00   1.805981510500000E+00
   1.814180762900000E-02   3.739179322000000E-02   3.627802585200000E+00   2.001139026700000E+00   1.139076030600000E+00   1.814308848900000E+00
   2.181905905900000E-02   3.979450196800000E-02   3.628287244400000E+00   1.996606043600000E+00   1.139274394500000E+00   1.822806088700000E+00
   2.535037935200000E-02   4.244684987200000E-02   3.628752704200000E+00   1.992966770900000E+00   1.139469127600000E+00   1.831182071500000E+00
   2.880176273700000E-02   4.543237488200000E-02   3.629221456500000E+00   1.988617147300000E+00   1.139668649500000E+00   1.839590848300000E+00
   3.243979649400000E-02   4.879438860300000E-02   3.629697855100000E+00   1.984207475600000E+00   1.139825762600000E+00   1.848714494600000E+00
   3.570877879600000E-02   5.207859373900000E-02   3.630126183100000E+00   1.979482407500000E+00   1.140030665100000E+00   1.857162261000000E+00
   3.889201160900000E-02   5.539745092600000E-02   3.630528698100000E+00   1.975593140900000E+00   1.140140720300000E+00   1.865638194600000E+00
   4.209092341400000E-02   5.908613498600000E-02   3.630947648800000E+00   1.970481864800000E+00   1.140353986300000E+00   1.874429473200000E+00
   4.508885947300000E-02   6.275932792500000E-02   3.631340762500000E+00   1.965352592100000E+00   1.140516947700000E+00   1.882943791100000E+00
   4.799473691900000E-02   6.652433047200000E-02   3.631740525500000E+00   1.962047803900000E+00   1.140650006600000E+00   1.891478992700000E+00
   5.080735959200000E-02   7.037468558500000E-02   3.632111341600000E+00   1.957024833000000E+00   1.140779877100000E+00   1.900035042800000E+00
   5.352501680200000E-02   7.429834686200000E-02   3.632470317000000E+00   1.953384709100000E+00   1.140944765500000E+00   1.908610271200000E+00
   5.614654271100000E-02   7.828788282900000E-02   3.632815178600000E+00   1.948807304600000E+00   1.141077170600000E+00   1.917204591600000E+00
   5.867060218000000E-02   8.233692885000000E-02   3.633150022600000E+00   1.944642228800000E+00   1.141206440600000E+00   1.925817341200000E+00
   6.109587526300000E-02   8.644009829800001E-02   3.633472683900000E+00   1.939889764900000E+00   1.141299844100000E+00   1.934447822700000E+00
   6.342105962600000E-02   9.059285504900000E-02   3.633788792500000E+00   1.935516411600000E+00   1.141441204800000E+00   1.943095305100000E+00
   6.564490513200000E-02   9.479133328300000E-02   3.634086986400000E+00   1.930848899700000E+00   1.141535795900000E+00   1.951759151100000E+00
   6.776608655700000E-02   9.903207071600000E-02   3.634372625900000E+00   1.925735444300000E+00   1.141631927800000E+00   1.960438304600000E+00
   6.978339705800000E-02   1.033192904200000E-01   3.634648759800000E+00   1.921694821900000E+00   1.141711753900000E+00   1.969132030600000E+00
   7.170835015800001E-02   1.076659256200000E-01   3.634914605600000E+00   1.916720046000000E+00   1.141830850100000E+00   1.977899078900000E+00
   7.351361437999999E-02   1.120177331300000E-01   3.635165588600000E+00   1.911430393700000E+00   1.141913454100000E+00   1.986619441700000E+00
   7.521175457000000E-02   1.163958630000000E-01   3.635402119500000E+00   1.907391669300000E+00   1.141984142100000E+00   1.995353118700000E+00
   7.680674393200000E-02   1.208272281900000E-01   3.635624578100000E+00   1.901943612600000E+00   1.142032523900000E+00   2.004128393700000E+00
   7.828611878500000E-02   1.252715570400000E-01   3.635832978900000E+00   1.897416191600000E+00   1.142130515200000E+00   2.012881400700000E+00
   7.965487749800000E-02   1.297433572300000E-01   3.636043394200000E+00   1.892877904700000E+00   1.142189198800000E+00   2.021643064300000E+00
   8.091203658700000E-02   1.342420599500000E-01   3.636226349600000E+00   1.887228825800000E+00   1.142200740800000E+00   2.030412202600000E+00
   8.205634833200000E-02   1.387670918200000E-01   3.636395711900000E+00   1.882575768300000E+00   1.142232364000000E+00   2.039185034600000E+00
   8.232427136700000E-02   1.399025545300000E-01   3.636417162700000E+00   1.881709459100000E+00   1.142281205100000E+00   2.041375106300000E+00
   8.245440031000000E-02   1.404683624800000E-01   3.636437140500000E+00   1.881202796300000E+00   1.142304215300000E+00   2.042460331000000E+00
   8.251559225800000E-02   1.407411722800000E-01   3.636446607200000E+00   1.880963794600000E+00   1.142310754900000E+00   2.042975746500000E+00
   8.253647781700001E-02   1.408403561000000E-01   3.636435913300000E+00   1.881137624100000E+00   1.142287126000000E+00   2.043152427700000E+00
   8.254165892300000E-02   1.408724574500000E-01   3.636436542700000E+00   1.881104549600000E+00   1.142287750600000E+00   2.043196318800000E+00
   8.254253134800001E-02   1.408854134200000E-01   3.636436531100000E+00   1.881093378300000E+00   1.142287365500000E+00   2.043203716300000E+00
   8.254268444300000E-02   1.408956726100000E-01   3.636417304800000E+00   1.880534931700000E+00   1.142313246500000E+00   2.043205008800000E+00
   8.254270191400000E-02   1.409006366900000E-01   3.636417622900000E+00   1.880511967200000E+00   1.142313245100000E+00   2.043205156800000E+00
   8.254270834200000E-02   1.409049351000000E-01   3.636418085700000E+00   1.880477676300000E+00   1.142313210400000E+00   2.043205211300000E+00
   8.254270834200000E-02   1.409215088000000E-01   3.636364569800000E+00   1.879946849900000E+00   1.142311940500000E+00   2.043205211300000E+00

  -1.273837808700000E-02   3.525158945000000E-02   3.623754008100000E+00   2.032331726000000E+00   1.137424153000000E+00   1.750000000000000E+00
  -1.278084133800000E-02   3.526435944500000E-02   3.623748484000000E+00   2.032375985200000E+00   1.137422917100000E+00   1.749918584400000E+00
  -1.286578902100000E-02   3.529001609000000E-02   3.623737433500000E+00   2.032464268000000E+00   1.137420139800000E+00   1.749755760900000E+00
  -1.301951222700000E-02   3.380146497700000E-02   3.623748247100000E+00   2.032529626900000E+00   1.137408357300000E+00   1.749461277400000E+00
  -1.609809378300000E-02   3.490078940900000E-02   3.623344268100000E+00   2.035567982900000E+00   1.137218848100000E+00   1.743607396500000E+00
  -1.627020227500000E-02   3.496746696900000E-02   3.623321677000000E+00   2.035726908400000E+00   1.137217983200000E+00   1.743282551000000E+00
  -1.652833234100000E-02   3.503730232000000E-02   3.623240365800000E+00   2.035219738500000E+00   1.137128731100000E+00   1.742795814800000E+00
  -1.709711576900000E-02   3.526416419000000E-02   3.623165156900000E+00   2.035594232300000E+00   1.137146332400000E+00   1.741725292200000E+00
  -1.748596411200000E-02   3.542240279100000E-02   3.623113734500000E+00   2.035843229200000E+00   1.137148033000000E+00   1.740994994100000E+00
  -1.807027812200000E-02   3.566336515700000E-02   3.623071010600000E+00   2.037142170300000E+00   1.137122617900000E+00   1.739899959400000E+00
  -1.895045852300000E-02   3.603884408300000E-02   3.622956102400000E+00   2.038007181300000E+00   1.137046261100000E+00   1.738255785000000E+00
  -2.027402124300000E-02   3.662546501500000E-02   3.622783276500000E+00   2.039252780900000E+00   1.137016042400000E+00   1.735795267300000E+00
  -2.227119824400000E-02   3.755680373900000E-02   3.622502750000000E+00   2.040977352200000E+00   1.136904274500000E+00   1.732109007800000E+00
  -2.529336336600000E-02   3.905948219500000E-02   3.622108484300000E+00   2.043579574900000E+00   1.136720920100000E+00   1.726589788500000E+00
  -2.977174109800000E-02   4.145656829200000E-02   3.621523815300000E+00   2.046834120800000E+00   1.136488035200000E+00   1.718536125200000E+00
  -3.431598165100000E-02   4.404949607500000E-02   3.620945872000000E+00   2.051110892200000E+00   1.136236443800000E+00   1.710508723000000E+00
  -3.892485516600000E-02   4.680033285200000E-02   3.620341994900000E+00   2.054657026300000E+00   1.135978101100000E+00   1.702507696400000E+00
  -4.359718609500000E-02   4.967785012300000E-02   3.619729119000000E+00   2.058085798400000E+00   1.135700785500000E+00   1.694533077000000E+00
  -4.833181674900000E-02   5.265975087200000E-02   3.619104718600000E+00   2.062163204800000E+00   1.135453330300000E+00   1.686584881100000E+00
  -5.313567740900000E-02   5.572400036400000E-02   3.618469705000000E+00   2.065613518300000E+00   1.135181966000000E+00   1.678649886200000E+00
  -5.799159829800000E-02   5.884725130400000E-02   3.617826890200000E+00   2.068860183700000E+00   1.134907766400000E+00   1.670754585900000E+00
  -6.290669121799999E-02   6.205048824500000E-02   3.617175681200000E+00   2.072958368700000E+00   1.134629743400000E+00   1.662885295200000E+00
  -6.796757351400000E-02   6.531791521100000E-02   3.616509040800000E+00   2.076088464900000E+00   1.134341425400000E+00   1.654904715600000E+00
  -7.299799028900000E-02   6.855995530900000E-02   3.615845425200000E+00   2.079468451500000E+00   1.134055063100000E+00   1.647089019900000E+00
  -7.808197465600000E-02   7.220183326200000E-02   3.615181884400000E+00   2.083550653300000E+00   1.133730399700000E+00   1.639302831400000E+00
  -8.460973349000001E-02   7.632984980200000E-02   3.614315295600000E+00   2.087175809100000E+00   1.133342696800000E+00   1.629463308400000E+00
  -8.981796978999999E-02   7.960162293700000E-02   3.613622369400000E+00   2.090563401200000E+00   1.133051289700000E+00   1.621733750100000E+00
  -9.505886181000001E-02   8.271933732599999E-02   3.612876082700000E+00   2.093946929900000E+00   1.132729633000000E+00   1.614058909200000E+00
  -1.014015990900000E-01   8.665745063900000E-02   3.612035946700000E+00   2.096553521700000E+00   1.132423059000000E+00   1.604902546400000E+00
  -1.067740344800000E-01   8.996079366800000E-02   3.611322873000000E+00   2.101271954600000E+00   1.132092005500000E+00   1.597254893800000E+00
  -1.121845716400000E-01   9.320340747500000E-02   3.610605040800000E+00   2.103054154800000E+00   1.131680277000000E+00   1.589648662300000E+00
  -1.182488258400000E-01   9.686438177100000E-02   3.609796482600000E+00   2.108215904500000E+00   1.131394937300000E+00   1.581232633500000E+00
  -1.237718361600000E-01   1.001633073600000E-01   3.609058750300000E+00   2.112137243400000E+00   1.131090629500000E+00   1.573664019900000E+00
  -1.293378227400000E-01   1.034080064100000E-01   3.608331869800000E+00   2.114924100900000E+00   1.130745574300000E+00   1.566125546300000E+00
  -1.351241466000000E-01   1.067953371000000E-01   3.607554107700000E+00   2.116998967600000E+00   1.130417100800000E+00   1.558379688300000E+00
  -1.407858462700000E-01   1.100743116400000E-01   3.606791893300000E+00   2.118845142200000E+00   1.130090044100000E+00   1.550887023400000E+00
  -1.464917604900000E-01   1.133320948500000E-01   3.605846706900000E+00   2.125015713200000E+00   1.129765714400000E+00   1.543418923300000E+00
  -1.522439595500000E-01   1.165936863100000E-01   3.605075493500000E+00   2.127646340000000E+00   1.129423574500000E+00   1.535971607300000E+00
  -1.580355223700000E-01   1.198427065800000E-01   3.604297903000000E+00   2.129570131800000E+00   1.129084379600000E+00   1.528552838500000E+00
  -1.638687629700000E-01   1.230801666600000E-01   3.603644205800000E+00   2.132869582000000E+00   1.128666463300000E+00   1.521158357500000E+00
  -1.697429699000000E-01   1.263060450900000E-01   3.602839851700000E+00   2.136716603700000E+00   1.128383665500000E+00   1.513788020700000E+00
  -1.756573823800000E-01   1.295197599600000E-01   3.602027849100000E+00   2.140310543100000E+00   1.128009157500000E+00   1.506441651300000E+00
  -1.816112746500000E-01   1.327209905800000E-01   3.601223089100000E+00   2.142971424500000E+00   1.127652992600000E+00   1.499119075800000E+00
  -1.876039344600000E-01   1.359094641400000E-01   3.600397306300000E+00   2.146306299800000E+00   1.127310604500000E+00   1.491820119100000E+00
  -1.936346636900000E-01   1.390849509200000E-01   3.599564242200000E+00   2.148926001900000E+00   1.126942221700000E+00   1.484544603700000E+00
  -1.997027790300000E-01   1.422472648400000E-01   3.598748027300000E+00   2.151981845500000E+00   1.126547084100000E+00   1.477292349600000E+00
  -2.058076582000000E-01   1.453962617500000E-01   3.597902356800000E+00   2.155031895200000E+00   1.126182797500000E+00   1.470063120000000E+00
  -2.119485521300000E-01   1.485317708900000E-01   3.597049269500000E+00   2.157359052700000E+00   1.125823399800000E+00   1.462856842900000E+00
  -2.181248634700000E-01   1.516564138900000E-01   3.596166972700000E+00   2.160493060400000E+00   1.125447243400000E+00   1.455673280900000E+00
  -2.243628117300000E-01   1.547778713000000E-01   3.595295765400000E+00   2.162920247300000E+00   1.125063281700000E+00   1.448481429000000E+00
  -2.306082184800000E-01   1.578722062400000E-01   3.594431228700000E+00   2.166355528800000E+00   1.124676255900000E+00   1.441342850800000E+00
  -2.368867958400000E-01   1.609665358000000E-01   3.593542028500000E+00   2.169160519200000E+00   1.124240403400000E+00   1.434226876900000E+00
  -2.433689314000000E-01   1.641148406100000E-01   3.592640721800000E+00   2.171815904500000E+00   1.123882143700000E+00   1.426941944000000E+00
  -2.497141052200000E-01   1.671667745100000E-01   3.591755911700000E+00   2.173640871200000E+00   1.123445569600000E+00   1.419869893300000E+00
  -2.560874653600000E-01   1.701903867500000E-01   3.590859704200000E+00   2.177203026200000E+00   1.123077594200000E+00   1.412823427700000E+00
  -2.625836143500000E-01   1.732569776600000E-01   3.589935733100000E+00   2.180174603800000E+00   1.122663344200000E+00   1.405698302700000E+00
  -2.690230800500000E-01   1.762683735100000E-01   3.589016665000000E+00   2.182357210400000E+00   1.122252940400000E+00   1.398690622800000E+00
  -2.754927427100000E-01   1.792656946800000E-01   3.588156520500000E+00   2.185479410700000E+00   1.121819986000000E+00   1.391703950100000E+00
  -2.819926552900000E-01   1.822499938900000E-01   3.587233563300000E+00   2.187898689600000E+00   1.121449405500000E+00   1.384737472700000E+00
  -2.885211473500000E-01   1.852204034300000E-01   3.586303556900000E+00   2.189564132300000E+00   1.120984245900000E+00   1.377792256000000E+00
  -2.950783100000000E-01   1.881772409200000E-01   3.585301938600000E+00   2.192988353300000E+00   1.120555668700000E+00   1.370867478300000E+00
  -3.016636440200000E-01   1.911205730400000E-01   3.584363672900000E+00   2.195864893100000E+00   1.120194421600000E+00   1.363962957700000E+00
  -3.082766762800000E-01   1.940504586600000E-01   3.583418409800000E+00   2.197982453100000E+00   1.119695239800000E+00   1.357078503800000E+00
  -3.149169385800000E-01   1.969669652100000E-01   3.582500961300000E+00   2.200819487500000E+00   1.119306540500000E+00   1.350213927300000E+00
  -3.215839805500000E-01   1.998701677000000E-01   3.581531843300000E+00   2.202544619200000E+00   1.118907480500000E+00   1.343369034700000E+00
  -3.282773388600000E-01   2.027601354500000E-01   3.580555245300000E+00   2.205711048700000E+00   1.118456402900000E+00   1.336543655300000E+00
  -3.349965793600000E-01   2.056369519600000E-01   3.579595537200000E+00   2.208366137800000E+00   1.118032286600000E+00   1.329737594600000E+00
  -3.417413366400000E-01   2.085007180300000E-01   3.578610259500000E+00   2.210452536000000E+00   1.117589020800000E+00   1.322950604200000E+00
  -3.485110598900000E-01   2.113514659100000E-01   3.577617557600000E+00   2.212605939900000E+00   1.117149024500000E+00   1.316182628800000E+00
  -3.553053949200000E-01   2.141893661100000E-01   3.576610889900000E+00   2.214747904400000E+00   1.116665336800000E+00   1.309433426100000E+00
  -3.621248604300000E-01   2.170147640100000E-01   3.575606812000000E+00   2.217907677900000E+00   1.116219447900000E+00   1.302701904100000E+00
  -3.689672290300000E-01   2.198270518600000E-01   3.574595417700000E+00   2.220284044600000E+00   1.115771110100000E+00   1.295989688600000E+00
  -3.758330115600000E-01   2.226266464500000E-01   3.573534446200000E+00   2.222606704100000E+00   1.115331277000000E+00   1.289295708000000E+00
  -3.827222074900000E-01   2.254138876300000E-01   3.572513209500000E+00   2.224129630900000E+00   1.114872103300000E+00   1.282619415100000E+00
  -3.896337160600000E-01   2.281885234900000E-01   3.571484598700000E+00   2.227003645300000E+00   1.114356579500000E+00   1.275961336500000E+00
  -3.965675283200000E-01   2.309507851600000E-01   3.570426555600000E+00   2.229635618700000E+00   1.113928742400000E+00   1.269320949300000E+00
  -4.035232873900000E-01   2.337007780800000E-01   3.569368504700000E+00   2.231560186500000E+00   1.113454141700000E+00   1.262698071400000E+00
  -4.105006357800000E-01   2.364385870100000E-01   3.568302234200000E+00   2.233456920500000E+00   1.112975360900000E+00   1.256092536100000E+00
  -4.174992321500000E-01   2.391643062800000E-01   3.567276084400000E+00   2.235486550700000E+00   1.112504431600000E+00   1.249504167700000E+00
  -4.245187386100000E-01   2.418780306000000E-01   3.566211336800000E+00   2.238442459000000E+00   1.112010828800000E+00   1.242932791300000E+00
  -4.315588204800000E-01   2.445798516900000E-01   3.565138780000000E+00   2.240754456100000E+00   1.111544040000000E+00   1.236378238700000E+00
  -4.386191534500000E-01   2.472698652500000E-01   3.564073556600000E+00   2.242095761200000E+00   1.111079372700000E+00   1.229840338000000E+00
  -4.456994528900000E-01   2.499481742300000E-01   3.562980722600000E+00   2.245024564600000E+00   1.110592721000000E+00   1.223318890500000E+00
  -4.527993378300000E-01   2.526148480300000E-01   3.561879612100000E+00   2.247213134300000E+00   1.110100714600000E+00   1.216813790200000E+00
  -4.599185337200000E-01   2.552699930800000E-01   3.560726888200000E+00   2.249026930200000E+00   1.109599755100000E+00   1.210324840100000E+00
  -4.670567995100000E-01   2.579137221600000E-01   3.559601572300000E+00   2.251533537400000E+00   1.109106465900000E+00   1.203851821400000E+00
  -4.742137227100000E-01   2.605460855300000E-01   3.558472004100000E+00   2.253201901600000E+00   1.108601417000000E+00   1.197394676200000E+00
  -4.813890698800000E-01   2.631671950000000E-01   3.557353712300000E+00   2.255275665700000E+00   1.108063031200000E+00   1.190953190100000E+00
  -4.885825919400000E-01   2.657771574300000E-01   3.556204271100000E+00   2.257765976500000E+00   1.107549388300000E+00   1.184527170300000E+00
  -4.957939424900000E-01   2.683760382100000E-01   3.555059719800000E+00   2.259406143500000E+00   1.107033459100000E+00   1.178116516100000E+00
  -5.030228792000000E-01   2.709639427500000E-01   3.553943516200000E+00   2.261821822300000E+00   1.106538845400000E+00   1.171721038200000E+00
  -5.102692147800000E-01   2.735409829500000E-01   3.552786084000000E+00   2.263575342600000E+00   1.106013805400000E+00   1.165340509000000E+00
  -5.175325230400000E-01   2.761071942100000E-01   3.551619766400000E+00   2.265301928100000E+00   1.105488096800000E+00   1.158974913200000E+00
  -5.248126230900000E-01   2.786626926500000E-01   3.550437645800000E+00   2.266989055000000E+00   1.104987520900000E+00   1.152624026400000E+00
  -5.321093450100000E-01   2.812075972700000E-01   3.549254406100000E+00   2.269719116400000E+00   1.104447703900000E+00   1.146287620600000E+00
  -5.394222757200000E-01   2.837419378100000E-01   3.548061895300000E+00   2.271575034300000E+00   1.103928208100000E+00   1.139965684100000E+00
  -5.467512466500000E-01   2.862658253200000E-01   3.546833338300000E+00   2.273049370500000E+00   1.103382956300000E+00   1.133657993000000E+00
  -5.540960373100000E-01   2.887793584100000E-01   3.545610924400000E+00   2.275291370400000E+00   1.102833739700000E+00   1.127364388800000E+00
  -5.614563776700000E-01   2.912826081400000E-01   3.544378258700000E+00   2.277464439400000E+00   1.102290178700000E+00   1.121084743700000E+00
  -5.688320476399999E-01   2.937756676400000E-01   3.543191322300000E+00   2.279293757300000E+00   1.101764960400000E+00   1.114818895200000E+00
  -5.762229246600000E-01   2.962586473100000E-01   3.541953492900000E+00   2.281073339800000E+00   1.101238069400000E+00   1.108566607900000E+00
  -5.836285726200000E-01   2.987315638900000E-01   3.540705455500000E+00   2.282378908200000E+00   1.100693925300000E+00   1.102327912700000E+00
  -5.910488728500000E-01   3.011945317300000E-01   3.539395075800000E+00   2.284677551500000E+00   1.100104032600000E+00   1.096102579000000E+00
  -5.984836810800001E-01   3.036476614800000E-01   3.538136095100000E+00   2.286719093700000E+00   1.099545186800000E+00   1.089890398900000E+00
  -6.059326449100000E-01   3.060909853300000E-01   3.536866743100000E+00   2.287840602100000E+00   1.098981551900000E+00   1.083691345600000E+00
  -6.133956215800000E-01   3.085246050600000E-01   3.535569222700000E+00   2.290215338500000E+00   1.098427759400000E+00   1.077505220100000E+00
  -6.208724121200000E-01   3.109486029200000E-01   3.534259408100000E+00   2.291310720800000E+00   1.097857265600000E+00   1.071331873200000E+00
  -6.283627950000000E-01   3.133630507800000E-01   3.532937699100000E+00   2.293841845900000E+00   1.097304089500000E+00   1.065171177600000E+00
  -6.358665786600000E-01   3.157680324000000E-01   3.531664449100000E+00   2.295486291000000E+00   1.096735088300000E+00   1.059022987200000E+00
  -6.433836574800000E-01   3.181636460500000E-01   3.530342871000000E+00   2.297293384700000E+00   1.096147088900000E+00   1.052887089400000E+00
  -6.509136541100000E-01   3.205499128200000E-01   3.529009651700000E+00   2.298176035300000E+00   1.095570417900000E+00   1.046763494300000E+00
  -6.584564668400000E-01   3.229269867400000E-01   3.527668616600000E+00   2.300665489300000E+00   1.095005826900000E+00   1.040651990500000E+00
  -6.660132837800000E-01   3.252952672600000E-01   3.526303763400000E+00   2.302390366200000E+00   1.094422089700000E+00   1.034551332700000E+00
  -6.735811714900000E-01   3.276540206600000E-01   3.524926347500000E+00   2.303226528300000E+00   1.093834628000000E+00   1.028463603800000E+00
  -6.811612991900000E-01   3.300037327700000E-01   3.523529781700000E+00   2.305765418500000E+00   1.093229264100000E+00   1.022387575600000E+00
  -6.887544315300000E-01   3.323447903700000E-01   3.522124303600000E+00   2.306570517500000E+00   1.092594347200000E+00   1.016322360300000E+00
  -6.963585665899999E-01   3.346766882000000E-01   3.520705158400000E+00   2.308969134600000E+00   1.092020375800000E+00   1.010269281500000E+00
  -7.039744195800000E-01   3.369997463600000E-01   3.519330246400000E+00   2.310552952100000E+00   1.091439680600000E+00   1.004227486700000E+00
  -7.116020601800001E-01   3.393141580500000E-01   3.517900188900000E+00   2.312263531800000E+00   1.090834836300000E+00   9.981966612700000E-01
  -7.192408612400000E-01   3.416198268200000E-01   3.516456000900000E+00   2.312969887600000E+00   1.090222254100000E+00   9.921770307100000E-01
  -7.268908767800000E-01   3.439168855800000E-01   3.514986899300000E+00   2.315489071700000E+00   1.089594325700000E+00   9.861682851800000E-01
  -7.345519604500000E-01   3.462054105700000E-01   3.513521659600000E+00   2.316754662700000E+00   1.088950118500000E+00   9.801702804300000E-01
  -7.422239179200000E-01   3.484854567600000E-01   3.512041589700000E+00   2.317775200700000E+00   1.088349766700000E+00   9.741829195500000E-01
  -7.499065970400000E-01   3.507570906600000E-01   3.510539913700000E+00   2.319397989200000E+00   1.087712603000000E+00   9.682060490300000E-01
  -7.575998413200000E-01   3.530203786100000E-01   3.509022039100000E+00   2.321657896200000E+00   1.087088679600000E+00   9.622395415800000E-01
  -7.653034907800000E-01   3.552753825500000E-01   3.507487623400000E+00   2.322878896700000E+00   1.086468346400000E+00   9.562832670300000E-01
  -7.730173908900000E-01   3.575221653400000E-01   3.505905339700000E+00   2.324318645600000E+00   1.085850026500000E+00   9.503370967800000E-01
  -7.807413881100000E-01   3.597607888700000E-01   3.504331233400000E+00   2.326036193700000E+00   1.085180525700000E+00   9.444009012900000E-01
  -7.884753279100000E-01   3.619913132600000E-01   3.502744117600000E+00   2.327506340100000E+00   1.084570773700000E+00   9.384745514200000E-01
  -7.962190586400000E-01   3.642137990400000E-01   3.501252175400000E+00   2.329081606800000E+00   1.083933038700000E+00   9.325579158800000E-01
  -8.039724573700000E-01   3.664283112500000E-01   3.499647343400000E+00   2.329850739600000E+00   1.083257796100000E+00   9.266508477399999E-01
  -8.117353238400000E-01   3.686348941600000E-01   3.498023697400000E+00   2.331929954700000E+00   1.082620901800000E+00   9.207532546800000E-01
  -8.195075382300000E-01   3.708336270400000E-01   3.496386185100000E+00   2.333047265200000E+00   1.081978019200000E+00   9.148649863000000E-01
  -8.272893737900000E-01   3.730246544400000E-01   3.494733068800000E+00   2.334583280900000E+00   1.081291849000000E+00   9.089855956200000E-01
  -8.350798412500000E-01   3.752078101000000E-01   3.493059862800000E+00   2.336065941500000E+00   1.080653950600000E+00   9.031155899900000E-01
  -8.428791419800000E-01   3.773873174000000E-01   3.491285387900000E+00   2.337530894800000E+00   1.079987549500000E+00   8.972545773100000E-01
  -8.508141665200000E-01   3.795900194300000E-01   3.489522485500000E+00   2.338367823000000E+00   1.079313252400000E+00   8.913073377300000E-01
  -8.586309856000000E-01   3.817498566700000E-01   3.487764488800000E+00   2.340147055700000E+00   1.078633427800000E+00   8.854639487800000E-01
  -8.664537676700000E-01   3.838981303200000E-01   3.486119097000000E+00   2.341469621000000E+00   1.077932117000000E+00   8.796309666500000E-01
  -8.743317482900000E-01   3.860553004100000E-01   3.484344369600000E+00   2.342748012000000E+00   1.077231967000000E+00   8.737715711800000E-01
  -8.821737404100000E-01   3.881929081200000E-01   3.482556039000000E+00   2.342964663400000E+00   1.076543877700000E+00   8.679533600100000E-01
  -8.900237811400000E-01   3.903231203600000E-01   3.480742287500000E+00   2.345340529800000E+00   1.075906693300000E+00   8.621432618300000E-01
  -8.978818103000000E-01   3.924460203400000E-01   3.478904512300000E+00   2.346668883900000E+00   1.075141350000000E+00   8.563411080100000E-01
  -9.057475613500000E-01   3.945616152200000E-01   3.477040623400000E+00   2.347262261200000E+00   1.074525766300000E+00   8.505468524300001E-01
  -9.136209570500000E-01   3.966699675500000E-01   3.475138980200000E+00   2.348544919100000E+00   1.073825029800000E+00   8.447603084600001E-01
  -9.215018850700000E-01   3.987711328500000E-01   3.473214268800000E+00   2.350392213800000E+00   1.073029802800000E+00   8.389813046800000E-01
  -9.293901484700000E-01   4.008651397900000E-01   3.471260242200000E+00   2.351609982700000E+00   1.072422498700000E+00   8.332097458600000E-01
  -9.372856374100000E-01   4.029520402300000E-01   3.469321523200000E+00   2.352816589000000E+00   1.071713138100000E+00   8.274454639900000E-01
  -9.451882109000000E-01   4.050318776800000E-01   3.467318992700000E+00   2.353528274500000E+00   1.071001611300000E+00   8.216882966400000E-01
  -9.530977210200000E-01   4.071046923400000E-01   3.465284261800000E+00   2.355342309800000E+00   1.070286627300000E+00   8.159381050200000E-01
  -9.610140348300000E-01   4.091705277800000E-01   3.463193029700000E+00   2.356508261700000E+00   1.069565679600000E+00   8.101947365500000E-01
  -9.689369990800000E-01   4.112294213300000E-01   3.461115049800000E+00   2.357068751400000E+00   1.068843472900000E+00   8.044580181500000E-01
  -9.768664724700000E-01   4.132814129100000E-01   3.459001996600000E+00   2.358717818400000E+00   1.068111394000000E+00   7.987277955600000E-01
  -9.848023099700000E-01   4.153265407400000E-01   3.456795363200000E+00   2.359585608400000E+00   1.067347187700000E+00   7.930039040700000E-01
  -9.927443635800000E-01   4.173648412700000E-01   3.454579324100000E+00   2.360981400300000E+00   1.066646537300000E+00   7.872861669000000E-01
  -1.000692475900000E+00   4.193963482000000E-01   3.452322608600000E+00   2.361802039900000E+00   1.065914841200000E+00   7.815744147500000E-01
  -1.008646494000000E+00   4.214210958400000E-01   3.450073962300000E+00   2.363160896200000E+00   1.065170579700000E+00   7.758684608200000E-01
  -1.016606279300000E+00   4.234391206600000E-01   3.447737237200000E+00   2.363836035400000E+00   1.064415708400000E+00   7.701681115300000E-01
  -1.024571640800000E+00   4.254504462700000E-01   3.445363957500000E+00   2.365284774100000E+00   1.063662191400000E+00   7.644731958700000E-01
  -1.032542433900000E+00   4.274557512000000E-01   3.442951919500000E+00   2.366332584500000E+00   1.062887117900000E+00   7.587834958600000E-01
  -1.040541876100000E+00   4.294595713000000E-01   3.440520906700000E+00   2.366823854700000E+00   1.062156628100000E+00   7.530821491200000E-01
  -1.048522991900000E+00   4.314509065600000E-01   3.438047008100000E+00   2.368340492100000E+00   1.061408435500000E+00   7.474022986900000E-01
  -1.056508312100000E+00   4.334350731500000E-01   3.435599324000000E+00   2.369287452600000E+00   1.060601143800000E+00   7.417275253700000E-01
  -1.064511188600000E+00   4.354162983200000E-01   3.433005740900000E+00   2.369479722700000E+00   1.059847926700000E+00   7.360479830600000E-01
  -1.072506495300000E+00   4.373879768200000E-01   3.430358553600000E+00   2.371249841600000E+00   1.059101758900000E+00   7.303811097900000E-01
  -1.080506120700000E+00   4.393530399200000E-01   3.427558810400000E+00   2.371928292400000E+00   1.058328352600000E+00   7.247180818100000E-01
  -1.088510938500000E+00   4.413119395900000E-01   3.424801511300000E+00   2.372344746400000E+00   1.057548433000000E+00   7.190578609000000E-01
  -1.096518626000000E+00   4.432640862400000E-01   3.421979198100000E+00   2.373998080600000E+00   1.056752223700000E+00   7.134016628500000E-01
  -1.104529984900000E+00   4.452097405900000E-01   3.419089818800000E+00   2.374618459500000E+00   1.055976912800000E+00   7.077484133300000E-01
  -1.112544799900000E+00   4.471489182300000E-01   3.416099968800000E+00   2.375553514900000E+00   1.055178347500000E+00   7.020978103300000E-01
  -1.120562803000000E+00   4.490816175200000E-01   3.413033789600000E+00   2.376400535400000E+00   1.054367029600000E+00   6.964495096600000E-01
  -1.128583754000000E+00   4.510078448500000E-01   3.409954700200000E+00   2.377366210800000E+00   1.053587911800000E+00   6.908031708200000E-01
  -1.136607348800000E+00   4.529275910900000E-01   3.406733633900000E+00   2.377708822400000E+00   1.052784404900000E+00   6.851583656200000E-01
  -1.144633291100000E+00   4.548408488600000E-01   3.403424392400000E+00   2.378864721100000E+00   1.051975666500000E+00   6.795146883400000E-01
  -1.152661272300000E+00   4.567476080900000E-01   3.400054863900000E+00   2.379592990300000E+00   1.051134077100000E+00   6.738717021400000E-01
  -1.160690950700000E+00   4.586478507500000E-01   3.396559777000000E+00   2.380182095800000E+00   1.050331581900000E+00   6.682289196900000E-01
  -1.168721955700000E+00   4.605415521300000E-01   3.392962135800000E+00   2.380973512900000E+00   1.049521539200000E+00   6.625858231000000E-01
  -1.176753903000000E+00   4.624286847400000E-01   3.389304612000000E+00   2.381808862400000E+00   1.048678386000000E+00   6.569418609200000E-01
  -1.184786363700000E+00   4.643092105100000E-01   3.385490767000000E+00   2.381984965900000E+00   1.047816201000000E+00   6.512964112100000E-01
  -1.192818872000000E+00   4.661830835300000E-01   3.381556830000000E+00   2.383071335000000E+00   1.046981481700000E+00   6.456488222800000E-01
  -1.200850938200000E+00   4.680502530800000E-01   3.377487766100000E+00   2.383574505800000E+00   1.046182143000000E+00   6.399983830800000E-01
  -1.208882026200000E+00   4.699106571100000E-01   3.373311907200000E+00   2.383972641500000E+00   1.045312407200000E+00   6.343442848300000E-01
  -1.216911505500000E+00   4.717642136200000E-01   3.368993839700000E+00   2.384718241300000E+00   1.044469071800000E+00   6.286856927300000E-01
  -1.224938753300000E+00   4.736111396300000E-01   3.364447522800000E+00   2.385245477900000E+00   1.043560381800000E+00   6.230216578700000E-01
  -1.232975541500000E+00   4.754535632200000E-01   3.359792134500000E+00   2.385601025100000E+00   1.042721210500000E+00   6.173422965799999E-01
  -1.240996005200000E+00   4.772859573100000E-01   3.354975130700000E+00   2.385888729400000E+00   1.041875796600000E+00   6.116641692200000E-01
  -1.249011779200000E+00   4.791176614500000E-01   3.349672097300000E+00   2.385811988700000E+00   1.040985106400000E+00   6.059771817100000E-01
  -1.257298657000000E+00   4.809974138200000E-01   3.344319602100000E+00   2.386851932900000E+00   1.040057915300000E+00   6.000827979100000E-01
  -1.265301435800000E+00   4.828065669100000E-01   3.338936357100000E+00   2.386584285000000E+00   1.039164886900000E+00   5.943735162800000E-01
  -1.273290969900000E+00   4.846148592400000E-01   3.332859385600000E+00   2.387359318900000E+00   1.038285828100000E+00   5.886543500500000E-01
  -1.281818622400000E+00   4.865296330200000E-01   3.326600409200000E+00   2.386890531400000E+00   1.037172671700000E+00   5.825250911199999E-01
  -1.289792479600000E+00   4.883139734400000E-01   3.320478121700000E+00   2.387261692400000E+00   1.036384916500000E+00   5.767672464900000E-01
  -1.297744680200000E+00   4.900764125100000E-01   3.314094945100000E+00   2.387430871500000E+00   1.035434906200000E+00   5.709959129100000E-01
  -1.305909009500000E+00   4.918919957700000E-01   3.307211198000000E+00   2.387498058500000E+00   1.034300116500000E+00   5.650341679300001E-01
  -1.313836781000000E+00   4.936492084200000E-01   3.300190681200000E+00   2.386088100200000E+00   1.033507505400000E+00   5.592042017600000E-01
  -1.321745532400000E+00   4.953964682600000E-01   3.293486689600000E+00   2.386332457600000E+00   1.032343316800000E+00   5.533456125800000E-01
  -1.329632069000000E+00   4.971334133200000E-01   3.285770077500000E+00   2.387054026400000E+00   1.031471900700000E+00   5.474495706900000E-01
  -1.337490610400000E+00   4.988587384500000E-01   3.277669721100000E+00   2.385739014300000E+00   1.030563429500000E+00   5.415173094400000E-01
  -1.345316610600000E+00   5.005715145500000E-01   3.269672697500000E+00   2.386073251100000E+00   1.029548273000000E+00   5.355385908500000E-01
  -1.353106862800000E+00   5.022712024800000E-01   3.260689652200000E+00   2.384704611300000E+00   1.028459429200000E+00   5.295095737000000E-01
  -1.360853633700000E+00   5.039561997899999E-01   3.251176551600000E+00   2.384555936800000E+00   1.027484173000000E+00   5.234207703700000E-01
  -1.368549505200000E+00   5.056250189000000E-01   3.241203263000000E+00   2.383452100200000E+00   1.026398446200000E+00   5.172633235000000E-01
  -1.376185689300000E+00   5.072758956900000E-01   3.230477769600000E+00   2.382354201100000E+00   1.025252723100000E+00   5.110271672300000E-01
  -1.383750236200000E+00   5.089063958000000E-01   3.219028092900000E+00   2.380670447300000E+00   1.024148265500000E+00   5.046988723800000E-01
  -1.391228465200000E+00   5.105135244500000E-01   3.206645628600000E+00   2.379168940900000E+00   1.022985827000000E+00   4.982626800900000E-01
  -1.398601308700000E+00   5.120933750100000E-01   3.193469434400000E+00   2.377056808300000E+00   1.021736125100000E+00   4.916989860200000E-01
  -1.405843795900000E+00   5.136408158900000E-01   3.179216121400000E+00   2.374516792900000E+00   1.020499972200000E+00   4.849834826100000E-01
  -1.412922260400000E+00   5.151489079100000E-01   3.163779730700000E+00   2.371419853000000E+00   1.019155464500000E+00   4.780854089800000E-01
  -1.419789899500000E+00   5.166079780300000E-01   3.146726769400000E+00   2.368025540700000E+00   1.017764399900000E+00   4.709651587300000E-01
  -1.426379507900000E+00   5.180041039700000E-01   3.127846869700000E+00   2.363848223800000E+00   1.016254427700000E+00   4.635710953100000E-01
  -1.432590418600000E+00   5.193164481900000E-01   3.106810374400000E+00   2.358893510100000E+00   1.014680938400000E+00   4.558348810000000E-01
  -1.438266932600000E+00   5.205124866400000E-01   3.082844870500000E+00   2.352555962100000E+00   1.012964738800000E+00   4.476629302900000E-01
  -1.443144406500000E+00   5.215371388000000E-01   3.055193458600000E+00   2.344549612400000E+00   1.011049954400000E+00   4.389466095200000E-01
  -1.446779894200000E+00   5.223056552200001E-01   3.022656828900000E+00   2.334174349200000E+00   1.008868283600000E+00   4.295611665900000E-01
  -1.448445997800000E+00   5.226483156000000E-01   2.982304328400000E+00   2.320008272000000E+00   1.006281220300000E+00   4.189719075400000E-01
  -1.447018352100000E+00   5.223399687100000E-01   2.938534133600000E+00   2.302885226100000E+00   1.003700636300000E+00   4.086243036100000E-01
  -1.442540839000000E+00   5.215599162700000E-01   2.894360425500000E+00   2.283959605800000E+00   1.001125717900000E+00   3.992633384300000E-01
  -1.428935457600000E+00   5.186364752300000E-01   2.821602575600000E+00   2.249079192700000E+00   9.970507137500000E-01   3.854022248300000E-01
  -1.420594473200000E+00   5.168481102800000E-01   2.788445110400000E+00   2.231796274200000E+00   9.952815659299999E-01   3.798210303100000E-01
  -1.412092348400000E+00   5.152976820700000E-01   2.757786361800000E+00   2.215579260900000E+00   9.936648600500000E-01   3.751211471400000E-01
  -1.390007364700000E+00   5.105205605100001E-01   2.695537430200000E+00   2.179973657000000E+00   9.902519670200000E-01   3.656026812400000E-01
  -1.380807605800000E+00   5.085218922800000E-01   2.671174674500000E+00   2.162765101900000E+00   9.889651004100000E-01   3.622100448100000E-01
  -1.380807605800000E+00   5.083745558700000E-01   2.669096776900000E+00   2.163764749000000E+00   9.889087278100001E-01   3.622100448100000E-01

